xinlian@lawn-143-215-53-129 CHAI-cobweb % python3 mushroom_chact.py

The profile of the data is as follows:
cap-color:
-> brown : 0.33
-> yellow : 0.27
-> white : 0.35
-> gray : 0.05
cap-shape:
-> convex : 0.69
-> bell : 0.19
-> flat : 0.09
-> sunken : 0.03
cap-surface:
-> scaly : 0.53
-> smooth : 0.37
-> fibrous : 0.1
classification:
-> poisonous : 0.5
-> edible : 0.5
gill-attachment:
-> free : 1.0
gill-spacing:
-> closed : 0.93
-> crowded : 0.07
habitat:
-> urban : 0.36
-> grasses : 0.33
-> meadows : 0.23
-> paths : 0.05
-> woods : 0.03


START TREE FITTING...
Processing: 100%|█████████████████████████████████████████████████████████| 100/100 [00:00<00:00, 2117.39item/s]
START CHAI ACTIVATING...
Processing: 100%|█████████████████████████████████████████████████████████████| 71/71 [00:00<00:00, 82.63item/s]


Now display the CHAI frameworks of all the nodes.


**************************** chactNode 2 *****************************
Level: 1
Parent of nodes [107, 282]

The reference game is as follows:
            M88   M30   M64   M51   M85   M94    M8   M68   M65   M76   M25   
brown     1.000 0.000 0.000 1.000 0.000 1.000 0.000 0.000 1.000 1.000 0.000  \
convex    1.000 0.000 1.000 1.000 1.000 1.000 1.000 1.000 1.000 1.000 0.000   
scaly     1.000 1.000 0.000 0.000 1.000 1.000 1.000 0.000 1.000 1.000 1.000   
poisonous 1.000 0.000 1.000 1.000 1.000 1.000 0.000 1.000 1.000 1.000 0.000   
free      1.000 1.000 1.000 1.000 1.000 1.000 1.000 1.000 1.000 1.000 1.000   
closed    1.000 1.000 1.000 1.000 1.000 1.000 1.000 1.000 1.000 1.000 1.000   
urban     1.000 0.000 1.000 1.000 0.000 0.000 0.000 0.000 1.000 1.000 0.000   
yellow    0.000 1.000 0.000 0.000 0.000 0.000 1.000 0.000 0.000 0.000 1.000   
bell      0.000 1.000 0.000 0.000 0.000 0.000 0.000 0.000 0.000 0.000 1.000   
edible    0.000 1.000 0.000 0.000 0.000 0.000 1.000 0.000 0.000 0.000 1.000   
grasses   0.000 1.000 0.000 0.000 1.000 1.000 1.000 1.000 0.000 0.000 0.000   
white     0.000 0.000 1.000 0.000 1.000 0.000 0.000 1.000 0.000 0.000 0.000   
smooth    0.000 0.000 1.000 1.000 0.000 0.000 0.000 1.000 0.000 0.000 0.000   
meadows   0.000 0.000 0.000 0.000 0.000 0.000 0.000 0.000 0.000 0.000 1.000   
paths     0.000 0.000 0.000 0.000 0.000 0.000 0.000 0.000 0.000 0.000 0.000   
flat      0.000 0.000 0.000 0.000 0.000 0.000 0.000 0.000 0.000 0.000 0.000   
fibrous   0.000 0.000 0.000 0.000 0.000 0.000 0.000 0.000 0.000 0.000 0.000   
crowded   0.000 0.000 0.000 0.000 0.000 0.000 0.000 0.000 0.000 0.000 0.000   
gray      0.000 0.000 0.000 0.000 0.000 0.000 0.000 0.000 0.000 0.000 0.000   
sunken    0.000 0.000 0.000 0.000 0.000 0.000 0.000 0.000 0.000 0.000 0.000   
woods     0.000 0.000 0.000 0.000 0.000 0.000 0.000 0.000 0.000 0.000 0.000   
prior     0.010 0.010 0.010 0.010 0.010 0.010 0.010 0.010 0.010 0.010 0.010   
alpha     1.000                                                               

            M61    M2   M10    M4   M45   M23   M46   M15   M29   M13   M86   
brown     1.000 0.000 0.000 0.000 0.000 0.000 1.000 0.000 0.000 0.000 0.000  \
convex    1.000 0.000 0.000 1.000 1.000 1.000 1.000 0.000 0.000 0.000 1.000   
scaly     1.000 0.000 0.000 1.000 0.000 1.000 1.000 1.000 0.000 0.000 1.000   
poisonous 1.000 0.000 0.000 0.000 0.000 0.000 0.000 0.000 0.000 0.000 1.000   
free      1.000 1.000 1.000 1.000 1.000 1.000 1.000 1.000 1.000 1.000 1.000   
closed    1.000 1.000 1.000 1.000 1.000 1.000 1.000 1.000 1.000 0.000 1.000   
urban     1.000 0.000 0.000 0.000 0.000 0.000 0.000 0.000 0.000 0.000 1.000   
yellow    0.000 0.000 1.000 1.000 1.000 1.000 0.000 1.000 1.000 0.000 0.000   
bell      0.000 1.000 1.000 0.000 0.000 0.000 0.000 1.000 1.000 0.000 0.000   
edible    0.000 1.000 1.000 1.000 1.000 1.000 1.000 1.000 1.000 1.000 0.000   
grasses   0.000 0.000 1.000 1.000 1.000 0.000 0.000 0.000 0.000 1.000 0.000   
white     0.000 1.000 0.000 0.000 0.000 0.000 0.000 0.000 0.000 1.000 1.000   
smooth    0.000 1.000 1.000 0.000 1.000 0.000 0.000 0.000 1.000 0.000 0.000   
meadows   0.000 1.000 0.000 0.000 0.000 1.000 0.000 1.000 1.000 0.000 0.000   
paths     0.000 0.000 0.000 0.000 0.000 0.000 1.000 0.000 0.000 0.000 0.000   
flat      0.000 0.000 0.000 0.000 0.000 0.000 0.000 0.000 0.000 1.000 0.000   
fibrous   0.000 0.000 0.000 0.000 0.000 0.000 0.000 0.000 0.000 1.000 0.000   
crowded   0.000 0.000 0.000 0.000 0.000 0.000 0.000 0.000 0.000 1.000 0.000   
gray      0.000 0.000 0.000 0.000 0.000 0.000 0.000 0.000 0.000 0.000 0.000   
sunken    0.000 0.000 0.000 0.000 0.000 0.000 0.000 0.000 0.000 0.000 0.000   
woods     0.000 0.000 0.000 0.000 0.000 0.000 0.000 0.000 0.000 0.000 0.000   
prior     0.010 0.010 0.010 0.010 0.010 0.010 0.010 0.010 0.010 0.010 0.010   
alpha                                                                         

            M97   M11   M70   M75   M55   M16   M47   M36   M40   M92   M84   
brown     1.000 1.000 0.000 0.000 1.000 0.000 0.000 0.000 0.000 1.000 0.000  \
convex    0.000 1.000 1.000 1.000 1.000 0.000 0.000 1.000 1.000 1.000 1.000   
scaly     0.000 0.000 1.000 0.000 0.000 1.000 0.000 0.000 0.000 0.000 1.000   
poisonous 1.000 0.000 1.000 1.000 1.000 0.000 0.000 0.000 0.000 1.000 1.000   
free      1.000 1.000 1.000 1.000 1.000 1.000 1.000 1.000 1.000 1.000 1.000   
closed    1.000 0.000 1.000 1.000 1.000 1.000 1.000 1.000 1.000 1.000 1.000   
urban     0.000 0.000 1.000 0.000 0.000 0.000 1.000 0.000 0.000 1.000 0.000   
yellow    0.000 0.000 0.000 0.000 0.000 0.000 0.000 0.000 0.000 0.000 0.000   
bell      0.000 0.000 0.000 0.000 0.000 1.000 0.000 0.000 0.000 0.000 0.000   
edible    0.000 1.000 0.000 0.000 0.000 1.000 1.000 1.000 1.000 0.000 0.000   
grasses   1.000 1.000 0.000 1.000 1.000 0.000 0.000 0.000 1.000 0.000 1.000   
white     0.000 0.000 1.000 1.000 0.000 1.000 0.000 1.000 1.000 0.000 1.000   
smooth    1.000 0.000 0.000 1.000 1.000 0.000 0.000 1.000 1.000 1.000 0.000   
meadows   0.000 0.000 0.000 0.000 0.000 1.000 0.000 1.000 0.000 0.000 0.000   
paths     0.000 0.000 0.000 0.000 0.000 0.000 0.000 0.000 0.000 0.000 0.000   
flat      1.000 0.000 0.000 0.000 0.000 0.000 0.000 0.000 0.000 0.000 0.000   
fibrous   0.000 1.000 0.000 0.000 0.000 0.000 1.000 0.000 0.000 0.000 0.000   
crowded   0.000 1.000 0.000 0.000 0.000 0.000 0.000 0.000 0.000 0.000 0.000   
gray      0.000 0.000 0.000 0.000 0.000 0.000 1.000 0.000 0.000 0.000 0.000   
sunken    0.000 0.000 0.000 0.000 0.000 0.000 1.000 0.000 0.000 0.000 0.000   
woods     0.000 0.000 0.000 0.000 0.000 0.000 0.000 0.000 0.000 0.000 0.000   
prior     0.010 0.010 0.010 0.010 0.010 0.010 0.010 0.010 0.010 0.010 0.010   
alpha                                                                         

            M83   M24   M27   M48   M82   M57   M96   M28   M33   M42   M26   
brown     0.000 1.000 0.000 0.000 1.000 1.000 1.000 0.000 0.000 0.000 0.000  \
convex    1.000 1.000 0.000 0.000 0.000 1.000 1.000 1.000 1.000 0.000 1.000   
scaly     1.000 1.000 0.000 1.000 0.000 0.000 1.000 0.000 0.000 1.000 0.000   
poisonous 1.000 0.000 0.000 0.000 1.000 1.000 1.000 0.000 0.000 0.000 0.000   
free      1.000 1.000 1.000 1.000 1.000 1.000 1.000 1.000 1.000 1.000 1.000   
closed    1.000 1.000 1.000 1.000 1.000 1.000 1.000 0.000 1.000 1.000 0.000   
urban     0.000 0.000 1.000 0.000 1.000 1.000 1.000 0.000 0.000 0.000 0.000   
yellow    0.000 0.000 0.000 1.000 0.000 0.000 0.000 1.000 1.000 1.000 1.000   
bell      0.000 0.000 0.000 1.000 0.000 0.000 0.000 0.000 0.000 1.000 0.000   
edible    0.000 1.000 1.000 1.000 0.000 0.000 0.000 1.000 1.000 1.000 1.000   
grasses   1.000 0.000 0.000 0.000 0.000 0.000 0.000 0.000 0.000 0.000 0.000   
white     1.000 0.000 0.000 0.000 0.000 0.000 0.000 0.000 0.000 0.000 0.000   
smooth    0.000 0.000 0.000 0.000 1.000 1.000 0.000 0.000 1.000 0.000 0.000   
meadows   0.000 0.000 0.000 1.000 0.000 0.000 0.000 0.000 1.000 1.000 0.000   
paths     0.000 1.000 0.000 0.000 0.000 0.000 0.000 0.000 0.000 0.000 0.000   
flat      0.000 0.000 0.000 0.000 1.000 0.000 0.000 0.000 0.000 0.000 0.000   
fibrous   0.000 0.000 1.000 0.000 0.000 0.000 0.000 1.000 0.000 0.000 1.000   
crowded   0.000 0.000 0.000 0.000 0.000 0.000 0.000 1.000 0.000 0.000 1.000   
gray      0.000 0.000 1.000 0.000 0.000 0.000 0.000 0.000 0.000 0.000 0.000   
sunken    0.000 0.000 1.000 0.000 0.000 0.000 0.000 0.000 0.000 0.000 0.000   
woods     0.000 0.000 0.000 0.000 0.000 0.000 0.000 1.000 0.000 0.000 1.000   
prior     0.010 0.010 0.010 0.010 0.010 0.010 0.010 0.010 0.010 0.010 0.010   
alpha                                                                         

            M74   M81   M63   M59   M73   M39   M71   M60   M52   M34   M22   
brown     0.000 1.000 1.000 0.000 0.000 1.000 1.000 0.000 0.000 0.000 0.000  \
convex    1.000 0.000 1.000 0.000 1.000 1.000 1.000 1.000 1.000 1.000 0.000   
scaly     0.000 1.000 1.000 0.000 1.000 1.000 0.000 1.000 1.000 1.000 0.000   
poisonous 1.000 1.000 1.000 1.000 1.000 0.000 1.000 1.000 1.000 0.000 0.000   
free      1.000 1.000 1.000 1.000 1.000 1.000 1.000 1.000 1.000 1.000 1.000   
closed    1.000 1.000 1.000 1.000 1.000 1.000 1.000 1.000 1.000 1.000 1.000   
urban     1.000 1.000 1.000 0.000 0.000 0.000 0.000 1.000 1.000 0.000 0.000   
yellow    0.000 0.000 0.000 0.000 0.000 0.000 0.000 0.000 0.000 0.000 1.000   
bell      0.000 0.000 0.000 0.000 0.000 0.000 0.000 0.000 0.000 0.000 1.000   
edible    0.000 0.000 0.000 0.000 0.000 1.000 0.000 0.000 0.000 1.000 1.000   
grasses   0.000 0.000 0.000 1.000 1.000 1.000 1.000 0.000 0.000 1.000 0.000   
white     1.000 0.000 0.000 1.000 1.000 0.000 0.000 1.000 1.000 1.000 0.000   
smooth    1.000 0.000 0.000 1.000 0.000 0.000 1.000 0.000 0.000 0.000 1.000   
meadows   0.000 0.000 0.000 0.000 0.000 0.000 0.000 0.000 0.000 0.000 1.000   
paths     0.000 0.000 0.000 0.000 0.000 0.000 0.000 0.000 0.000 0.000 0.000   
flat      0.000 1.000 0.000 1.000 0.000 0.000 0.000 0.000 0.000 0.000 0.000   
fibrous   0.000 0.000 0.000 0.000 0.000 0.000 0.000 0.000 0.000 0.000 0.000   
crowded   0.000 0.000 0.000 0.000 0.000 0.000 0.000 0.000 0.000 0.000 0.000   
gray      0.000 0.000 0.000 0.000 0.000 0.000 0.000 0.000 0.000 0.000 0.000   
sunken    0.000 0.000 0.000 0.000 0.000 0.000 0.000 0.000 0.000 0.000 0.000   
woods     0.000 0.000 0.000 0.000 0.000 0.000 0.000 0.000 0.000 0.000 0.000   
prior     0.010 0.010 0.010 0.010 0.010 0.010 0.010 0.010 0.010 0.010 0.010   
alpha                                                                         

            M20   M50   M66   M54   M62   M67   M31   M37   M79   M38    M3   
brown     1.000 0.000 0.000 0.000 0.000 0.000 0.000 0.000 1.000 0.000 0.000  \
convex    0.000 0.000 1.000 1.000 1.000 1.000 1.000 1.000 1.000 0.000 1.000   
scaly     0.000 1.000 1.000 1.000 1.000 1.000 1.000 1.000 0.000 1.000 0.000   
poisonous 0.000 0.000 1.000 1.000 1.000 1.000 0.000 0.000 1.000 0.000 0.000   
free      1.000 1.000 1.000 1.000 1.000 1.000 1.000 1.000 1.000 1.000 1.000   
closed    1.000 1.000 1.000 1.000 1.000 1.000 1.000 1.000 1.000 1.000 0.000   
urban     1.000 0.000 0.000 1.000 0.000 1.000 0.000 0.000 0.000 0.000 0.000   
yellow    0.000 1.000 0.000 0.000 0.000 0.000 1.000 1.000 0.000 1.000 0.000   
bell      0.000 1.000 0.000 0.000 0.000 0.000 0.000 0.000 0.000 0.000 0.000   
edible    1.000 1.000 0.000 0.000 0.000 0.000 1.000 1.000 0.000 1.000 1.000   
grasses   0.000 0.000 1.000 0.000 1.000 0.000 0.000 0.000 1.000 0.000 1.000   
white     0.000 0.000 1.000 1.000 1.000 1.000 0.000 0.000 0.000 0.000 0.000   
smooth    0.000 0.000 0.000 0.000 0.000 0.000 0.000 0.000 1.000 0.000 1.000   
meadows   0.000 1.000 0.000 0.000 0.000 0.000 0.000 0.000 0.000 0.000 0.000   
paths     0.000 0.000 0.000 0.000 0.000 0.000 1.000 1.000 0.000 1.000 0.000   
flat      1.000 0.000 0.000 0.000 0.000 0.000 0.000 0.000 0.000 1.000 0.000   
fibrous   1.000 0.000 0.000 0.000 0.000 0.000 0.000 0.000 0.000 0.000 0.000   
crowded   0.000 0.000 0.000 0.000 0.000 0.000 0.000 0.000 0.000 0.000 1.000   
gray      0.000 0.000 0.000 0.000 0.000 0.000 0.000 0.000 0.000 0.000 1.000   
sunken    0.000 0.000 0.000 0.000 0.000 0.000 0.000 0.000 0.000 0.000 0.000   
woods     0.000 0.000 0.000 0.000 0.000 0.000 0.000 0.000 0.000 0.000 0.000   
prior     0.010 0.010 0.010 0.010 0.010 0.010 0.010 0.010 0.010 0.010 0.010   
alpha                                                                         

            M17   M19   M78    M6   M95   M58   M41   M80    M9   M93   M77   
brown     0.000 0.000 0.000 0.000 1.000 1.000 0.000 0.000 0.000 1.000 0.000  \
convex    0.000 1.000 1.000 0.000 1.000 1.000 0.000 1.000 1.000 1.000 1.000   
scaly     0.000 1.000 0.000 1.000 0.000 1.000 0.000 1.000 1.000 1.000 1.000   
poisonous 0.000 0.000 1.000 0.000 1.000 1.000 0.000 1.000 0.000 1.000 1.000   
free      1.000 1.000 1.000 1.000 1.000 1.000 1.000 1.000 1.000 1.000 1.000   
closed    1.000 1.000 1.000 1.000 1.000 1.000 1.000 1.000 1.000 1.000 1.000   
urban     0.000 0.000 1.000 0.000 1.000 0.000 0.000 0.000 0.000 1.000 1.000   
yellow    0.000 0.000 0.000 0.000 0.000 0.000 0.000 0.000 1.000 0.000 0.000   
bell      1.000 0.000 0.000 1.000 0.000 0.000 1.000 0.000 0.000 0.000 0.000   
edible    1.000 1.000 0.000 1.000 0.000 0.000 1.000 0.000 1.000 0.000 0.000   
grasses   0.000 0.000 0.000 0.000 0.000 1.000 0.000 1.000 0.000 0.000 0.000   
white     1.000 1.000 1.000 1.000 0.000 0.000 1.000 1.000 0.000 0.000 1.000   
smooth    1.000 0.000 1.000 0.000 1.000 0.000 1.000 0.000 0.000 0.000 0.000   
meadows   1.000 1.000 0.000 1.000 0.000 0.000 1.000 0.000 1.000 0.000 0.000   
paths     0.000 0.000 0.000 0.000 0.000 0.000 0.000 0.000 0.000 0.000 0.000   
flat      0.000 0.000 0.000 0.000 0.000 0.000 0.000 0.000 0.000 0.000 0.000   
fibrous   0.000 0.000 0.000 0.000 0.000 0.000 0.000 0.000 0.000 0.000 0.000   
crowded   0.000 0.000 0.000 0.000 0.000 0.000 0.000 0.000 0.000 0.000 0.000   
gray      0.000 0.000 0.000 0.000 0.000 0.000 0.000 0.000 0.000 0.000 0.000   
sunken    0.000 0.000 0.000 0.000 0.000 0.000 0.000 0.000 0.000 0.000 0.000   
woods     0.000 0.000 0.000 0.000 0.000 0.000 0.000 0.000 0.000 0.000 0.000   
prior     0.010 0.010 0.010 0.010 0.010 0.010 0.010 0.010 0.010 0.010 0.010   
alpha                                                                         

            M98   M56    M1   M87   M32   M90   M91   M89   M18   M21  M100   
brown     1.000 0.000 0.000 1.000 1.000 1.000 1.000 1.000 0.000 0.000 1.000  \
convex    1.000 1.000 1.000 1.000 1.000 1.000 1.000 1.000 1.000 1.000 1.000   
scaly     0.000 1.000 0.000 1.000 0.000 1.000 0.000 1.000 1.000 0.000 0.000   
poisonous 1.000 1.000 0.000 1.000 0.000 1.000 1.000 1.000 0.000 0.000 1.000   
free      1.000 1.000 1.000 1.000 1.000 1.000 1.000 1.000 1.000 1.000 1.000   
closed    1.000 1.000 1.000 1.000 1.000 1.000 1.000 1.000 1.000 0.000 1.000   
urban     1.000 1.000 0.000 1.000 1.000 1.000 1.000 1.000 0.000 0.000 1.000   
yellow    0.000 0.000 1.000 0.000 0.000 0.000 0.000 0.000 1.000 1.000 0.000   
bell      0.000 0.000 0.000 0.000 0.000 0.000 0.000 0.000 0.000 0.000 0.000   
edible    0.000 0.000 1.000 0.000 1.000 0.000 0.000 0.000 1.000 1.000 0.000   
grasses   0.000 0.000 1.000 0.000 0.000 0.000 0.000 0.000 0.000 0.000 0.000   
white     0.000 1.000 0.000 0.000 0.000 0.000 0.000 0.000 0.000 0.000 0.000   
smooth    1.000 0.000 1.000 0.000 0.000 0.000 1.000 0.000 0.000 1.000 1.000   
meadows   0.000 0.000 0.000 0.000 0.000 0.000 0.000 0.000 1.000 0.000 0.000   
paths     0.000 0.000 0.000 0.000 0.000 0.000 0.000 0.000 0.000 0.000 0.000   
flat      0.000 0.000 0.000 0.000 0.000 0.000 0.000 0.000 0.000 0.000 0.000   
fibrous   0.000 0.000 0.000 0.000 1.000 0.000 0.000 0.000 0.000 0.000 0.000   
crowded   0.000 0.000 0.000 0.000 0.000 0.000 0.000 0.000 0.000 1.000 0.000   
gray      0.000 0.000 0.000 0.000 0.000 0.000 0.000 0.000 0.000 0.000 0.000   
sunken    0.000 0.000 0.000 0.000 0.000 0.000 0.000 0.000 0.000 0.000 0.000   
woods     0.000 0.000 0.000 0.000 0.000 0.000 0.000 0.000 0.000 1.000 0.000   
prior     0.010 0.010 0.010 0.010 0.010 0.010 0.010 0.010 0.010 0.010 0.010   
alpha                                                                         

            M44   M43   M72   M69   M49    M5   M14   M99   M53   M12   M35   
brown     0.000 0.000 0.000 1.000 0.000 0.000 0.000 1.000 0.000 0.000 0.000  \
convex    0.000 0.000 1.000 0.000 0.000 0.000 0.000 1.000 1.000 0.000 1.000   
scaly     0.000 0.000 1.000 1.000 0.000 0.000 0.000 0.000 1.000 0.000 1.000   
poisonous 0.000 0.000 1.000 1.000 0.000 0.000 0.000 1.000 1.000 0.000 0.000   
free      1.000 1.000 1.000 1.000 1.000 1.000 1.000 1.000 1.000 1.000 1.000   
closed    1.000 0.000 1.000 1.000 1.000 1.000 1.000 1.000 1.000 1.000 1.000   
urban     0.000 0.000 1.000 0.000 0.000 0.000 0.000 0.000 0.000 1.000 0.000   
yellow    0.000 0.000 0.000 0.000 1.000 0.000 1.000 0.000 0.000 0.000 1.000   
bell      1.000 0.000 0.000 0.000 1.000 1.000 1.000 0.000 0.000 0.000 0.000   
edible    1.000 1.000 0.000 0.000 1.000 1.000 1.000 0.000 0.000 1.000 1.000   
grasses   1.000 1.000 0.000 1.000 0.000 0.000 0.000 1.000 1.000 0.000 0.000   
white     1.000 0.000 1.000 0.000 0.000 1.000 0.000 0.000 1.000 0.000 0.000   
smooth    1.000 0.000 0.000 0.000 1.000 1.000 1.000 1.000 0.000 0.000 0.000   
meadows   0.000 0.000 0.000 0.000 1.000 1.000 1.000 0.000 0.000 0.000 1.000   
paths     0.000 0.000 0.000 0.000 0.000 0.000 0.000 0.000 0.000 0.000 0.000   
flat      0.000 1.000 0.000 1.000 0.000 0.000 0.000 0.000 0.000 0.000 0.000   
fibrous   0.000 1.000 0.000 0.000 0.000 0.000 0.000 0.000 0.000 1.000 0.000   
crowded   0.000 1.000 0.000 0.000 0.000 0.000 0.000 0.000 0.000 0.000 0.000   
gray      0.000 1.000 0.000 0.000 0.000 0.000 0.000 0.000 0.000 1.000 0.000   
sunken    0.000 0.000 0.000 0.000 0.000 0.000 0.000 0.000 0.000 1.000 0.000   
woods     0.000 0.000 0.000 0.000 0.000 0.000 0.000 0.000 0.000 0.000 0.000   
prior     0.010 0.010 0.010 0.010 0.010 0.010 0.010 0.010 0.010 0.010 0.010   
alpha                                                                         

             M7 costs  
brown     0.000 0.000  
convex    0.000 0.000  
scaly     0.000 0.000  
poisonous 0.000 0.000  
free      1.000 0.000  
closed    1.000 0.000  
urban     0.000 0.000  
yellow    1.000 0.000  
bell      1.000 0.000  
edible    1.000 0.000  
grasses   0.000 0.000  
white     0.000 0.000  
smooth    1.000 0.000  
meadows   1.000 0.000  
paths     0.000 0.000  
flat      0.000 0.000  
fibrous   0.000 0.000  
crowded   0.000 0.000  
gray      0.000 0.000  
sunken    0.000 0.000  
woods     0.000 0.000  
prior     0.010        
alpha                  

Speaker:
+-----+--------+----------+---------+---------+--------+----------+---------+
|     |   bell |   edible |   white |   paths |   gray |   sunken |   woods |
|-----+--------+----------+---------+---------+--------+----------+---------|
| M85 |  0.000 |    0.000 |   1.000 |   0.000 |  0.000 |    0.000 |   0.000 |
| M46 |  0.000 |    0.500 |   0.000 |   0.500 |  0.000 |    0.000 |   0.000 |
| M29 |  1.000 |    0.000 |   0.000 |   0.000 |  0.000 |    0.000 |   0.000 |
| M86 |  0.000 |    0.000 |   1.000 |   0.000 |  0.000 |    0.000 |   0.000 |
| M70 |  0.000 |    0.000 |   1.000 |   0.000 |  0.000 |    0.000 |   0.000 |
| M16 |  1.000 |    0.000 |   0.000 |   0.000 |  0.000 |    0.000 |   0.000 |
| M47 |  0.000 |    0.000 |   0.000 |   0.000 |  0.420 |    0.580 |   0.000 |
| M84 |  0.000 |    0.000 |   1.000 |   0.000 |  0.000 |    0.000 |   0.000 |
| M83 |  0.000 |    0.000 |   1.000 |   0.000 |  0.000 |    0.000 |   0.000 |
| M24 |  0.000 |    0.000 |   0.000 |   1.000 |  0.000 |    0.000 |   0.000 |
| M27 |  0.000 |    0.000 |   0.000 |   0.000 |  0.420 |    0.580 |   0.000 |
| M28 |  0.000 |    0.000 |   0.000 |   0.000 |  0.000 |    0.000 |   1.000 |
| M26 |  0.000 |    0.000 |   0.000 |   0.000 |  0.000 |    0.000 |   1.000 |
| M73 |  0.000 |    0.000 |   1.000 |   0.000 |  0.000 |    0.000 |   0.000 |
| M60 |  0.000 |    0.000 |   1.000 |   0.000 |  0.000 |    0.000 |   0.000 |
| M52 |  0.000 |    0.000 |   1.000 |   0.000 |  0.000 |    0.000 |   0.000 |
| M22 |  1.000 |    0.000 |   0.000 |   0.000 |  0.000 |    0.000 |   0.000 |
| M66 |  0.000 |    0.000 |   1.000 |   0.000 |  0.000 |    0.000 |   0.000 |
| M54 |  0.000 |    0.000 |   1.000 |   0.000 |  0.000 |    0.000 |   0.000 |
| M62 |  0.000 |    0.000 |   1.000 |   0.000 |  0.000 |    0.000 |   0.000 |
| M67 |  0.000 |    0.000 |   1.000 |   0.000 |  0.000 |    0.000 |   0.000 |
| M31 |  0.000 |    0.000 |   0.000 |   1.000 |  0.000 |    0.000 |   0.000 |
| M37 |  0.000 |    0.000 |   0.000 |   1.000 |  0.000 |    0.000 |   0.000 |
| M38 |  0.000 |    0.000 |   0.000 |   1.000 |  0.000 |    0.000 |   0.000 |
| M3  |  0.000 |    0.000 |   0.000 |   0.000 |  1.000 |    0.000 |   0.000 |
| M6  |  1.000 |    0.000 |   0.000 |   0.000 |  0.000 |    0.000 |   0.000 |
| M80 |  0.000 |    0.000 |   1.000 |   0.000 |  0.000 |    0.000 |   0.000 |
| M77 |  0.000 |    0.000 |   1.000 |   0.000 |  0.000 |    0.000 |   0.000 |
| M56 |  0.000 |    0.000 |   1.000 |   0.000 |  0.000 |    0.000 |   0.000 |
| M21 |  0.000 |    0.000 |   0.000 |   0.000 |  0.000 |    0.000 |   1.000 |
| M43 |  0.000 |    0.000 |   0.000 |   0.000 |  1.000 |    0.000 |   0.000 |
| M72 |  0.000 |    0.000 |   1.000 |   0.000 |  0.000 |    0.000 |   0.000 |
| M49 |  1.000 |    0.000 |   0.000 |   0.000 |  0.000 |    0.000 |   0.000 |
| M14 |  1.000 |    0.000 |   0.000 |   0.000 |  0.000 |    0.000 |   0.000 |
| M53 |  0.000 |    0.000 |   1.000 |   0.000 |  0.000 |    0.000 |   0.000 |
| M12 |  0.000 |    0.000 |   0.000 |   0.000 |  0.420 |    0.580 |   0.000 |
| M7  |  1.000 |    0.000 |   0.000 |   0.000 |  0.000 |    0.000 |   0.000 |
+-----+--------+----------+---------+---------+--------+----------+---------+

Listener:
+-------------+-------+-------+-------+-------+-------+-------+-------+-------+-------+---------+-----------+
|             |   M23 | M47   | M27   | M33   | M19   | M9    | M18   | M12   | M35   | costs   | entropy   |
|-------------+-------+-------+-------+-------+-------+-------+-------+-------+-------+---------+-----------|
| meadows     | 0.167 | 0.0   | 0.0   | 0.167 | 0.167 | 0.167 | 0.167 | 0.0   | 0.167 | 0.0     | 2.585     |
| sunken      | 0.000 | 0.333 | 0.333 | 0.0   | 0.0   | 0.0   | 0.0   | 0.333 | 0.0   | 0.0     | 1.585     |
| prior       | 0.010 | 0.01  | 0.01  | 0.01  | 0.01  | 0.01  | 0.01  | 0.01  | 0.01  |         |           |
| alpha       | 1.000 |       |       |       |       |       |       |       |       |         |           |
| entropy     | 0.004 | 0.005 | 0.005 | 0.004 | 0.004 | 0.004 | 0.004 | 0.005 | 0.004 |         |           |
| entropy_sum | 0.042 |       |       |       |       |       |       |       |       |         |           |
+-------------+-------+-------+-------+-------+-------+-------+-------+-------+-------+---------+-----------+