*************************** chactNode 107 ****************************
Level: 2
Parent of nodes [428, 570, 696]
Child of node  2

The reference game is as follows:
          M30    M8   M25    M2   M10    M4   M45   M23   M15   M29   M13   
yellow  1.000 1.000 1.000 0.000 1.000 1.000 1.000 1.000 1.000 1.000 0.000  \
bell    1.000 0.000 1.000 1.000 1.000 0.000 0.000 0.000 1.000 1.000 0.000   
scaly   1.000 1.000 1.000 0.000 0.000 1.000 0.000 1.000 1.000 0.000 0.000   
edible  1.000 1.000 1.000 1.000 1.000 1.000 1.000 1.000 1.000 1.000 1.000   
free    1.000 1.000 1.000 1.000 1.000 1.000 1.000 1.000 1.000 1.000 1.000   
closed  1.000 1.000 1.000 1.000 1.000 1.000 1.000 1.000 1.000 1.000 0.000   
grasses 1.000 1.000 0.000 0.000 1.000 1.000 1.000 0.000 0.000 0.000 1.000   
convex  0.000 1.000 0.000 0.000 0.000 1.000 1.000 1.000 0.000 0.000 0.000   
meadows 0.000 0.000 1.000 1.000 0.000 0.000 0.000 1.000 1.000 1.000 0.000   
white   0.000 0.000 0.000 1.000 0.000 0.000 0.000 0.000 0.000 0.000 1.000   
smooth  0.000 0.000 0.000 1.000 1.000 0.000 1.000 0.000 0.000 1.000 0.000   
flat    0.000 0.000 0.000 0.000 0.000 0.000 0.000 0.000 0.000 0.000 1.000   
fibrous 0.000 0.000 0.000 0.000 0.000 0.000 0.000 0.000 0.000 0.000 1.000   
crowded 0.000 0.000 0.000 0.000 0.000 0.000 0.000 0.000 0.000 0.000 1.000   
brown   0.000 0.000 0.000 0.000 0.000 0.000 0.000 0.000 0.000 0.000 0.000   
gray    0.000 0.000 0.000 0.000 0.000 0.000 0.000 0.000 0.000 0.000 0.000   
sunken  0.000 0.000 0.000 0.000 0.000 0.000 0.000 0.000 0.000 0.000 0.000   
urban   0.000 0.000 0.000 0.000 0.000 0.000 0.000 0.000 0.000 0.000 0.000   
paths   0.000 0.000 0.000 0.000 0.000 0.000 0.000 0.000 0.000 0.000 0.000   
woods   0.000 0.000 0.000 0.000 0.000 0.000 0.000 0.000 0.000 0.000 0.000   
prior   0.020 0.020 0.020 0.020 0.020 0.020 0.020 0.020 0.020 0.020 0.020   
alpha   2.000                                                               

          M11   M16   M47   M36   M40   M24   M27   M48   M28   M33   M42   
yellow  0.000 0.000 0.000 0.000 0.000 0.000 0.000 1.000 1.000 1.000 1.000  \
bell    0.000 1.000 0.000 0.000 0.000 0.000 0.000 1.000 0.000 0.000 1.000   
scaly   0.000 1.000 0.000 0.000 0.000 1.000 0.000 1.000 0.000 0.000 1.000   
edible  1.000 1.000 1.000 1.000 1.000 1.000 1.000 1.000 1.000 1.000 1.000   
free    1.000 1.000 1.000 1.000 1.000 1.000 1.000 1.000 1.000 1.000 1.000   
closed  0.000 1.000 1.000 1.000 1.000 1.000 1.000 1.000 0.000 1.000 1.000   
grasses 1.000 0.000 0.000 0.000 1.000 0.000 0.000 0.000 0.000 0.000 0.000   
convex  1.000 0.000 0.000 1.000 1.000 1.000 0.000 0.000 1.000 1.000 0.000   
meadows 0.000 1.000 0.000 1.000 0.000 0.000 0.000 1.000 0.000 1.000 1.000   
white   0.000 1.000 0.000 1.000 1.000 0.000 0.000 0.000 0.000 0.000 0.000   
smooth  0.000 0.000 0.000 1.000 1.000 0.000 0.000 0.000 0.000 1.000 0.000   
flat    0.000 0.000 0.000 0.000 0.000 0.000 0.000 0.000 0.000 0.000 0.000   
fibrous 1.000 0.000 1.000 0.000 0.000 0.000 1.000 0.000 1.000 0.000 0.000   
crowded 1.000 0.000 0.000 0.000 0.000 0.000 0.000 0.000 1.000 0.000 0.000   
brown   1.000 0.000 0.000 0.000 0.000 1.000 0.000 0.000 0.000 0.000 0.000   
gray    0.000 0.000 1.000 0.000 0.000 0.000 1.000 0.000 0.000 0.000 0.000   
sunken  0.000 0.000 1.000 0.000 0.000 0.000 1.000 0.000 0.000 0.000 0.000   
urban   0.000 0.000 1.000 0.000 0.000 0.000 1.000 0.000 0.000 0.000 0.000   
paths   0.000 0.000 0.000 0.000 0.000 1.000 0.000 0.000 0.000 0.000 0.000   
woods   0.000 0.000 0.000 0.000 0.000 0.000 0.000 0.000 1.000 0.000 0.000   
prior   0.020 0.020 0.020 0.020 0.020 0.020 0.020 0.020 0.020 0.020 0.020   
alpha                                                                       

          M26   M39   M34   M22   M20   M50   M31   M37   M38    M3   M17   
yellow  1.000 0.000 0.000 1.000 0.000 1.000 1.000 1.000 1.000 0.000 0.000  \
bell    0.000 0.000 0.000 1.000 0.000 1.000 0.000 0.000 0.000 0.000 1.000   
scaly   0.000 1.000 1.000 0.000 0.000 1.000 1.000 1.000 1.000 0.000 0.000   
edible  1.000 1.000 1.000 1.000 1.000 1.000 1.000 1.000 1.000 1.000 1.000   
free    1.000 1.000 1.000 1.000 1.000 1.000 1.000 1.000 1.000 1.000 1.000   
closed  0.000 1.000 1.000 1.000 1.000 1.000 1.000 1.000 1.000 0.000 1.000   
grasses 0.000 1.000 1.000 0.000 0.000 0.000 0.000 0.000 0.000 1.000 0.000   
convex  1.000 1.000 1.000 0.000 0.000 0.000 1.000 1.000 0.000 1.000 0.000   
meadows 0.000 0.000 0.000 1.000 0.000 1.000 0.000 0.000 0.000 0.000 1.000   
white   0.000 0.000 1.000 0.000 0.000 0.000 0.000 0.000 0.000 0.000 1.000   
smooth  0.000 0.000 0.000 1.000 0.000 0.000 0.000 0.000 0.000 1.000 1.000   
flat    0.000 0.000 0.000 0.000 1.000 0.000 0.000 0.000 1.000 0.000 0.000   
fibrous 1.000 0.000 0.000 0.000 1.000 0.000 0.000 0.000 0.000 0.000 0.000   
crowded 1.000 0.000 0.000 0.000 0.000 0.000 0.000 0.000 0.000 1.000 0.000   
brown   0.000 1.000 0.000 0.000 1.000 0.000 0.000 0.000 0.000 0.000 0.000   
gray    0.000 0.000 0.000 0.000 0.000 0.000 0.000 0.000 0.000 1.000 0.000   
sunken  0.000 0.000 0.000 0.000 0.000 0.000 0.000 0.000 0.000 0.000 0.000   
urban   0.000 0.000 0.000 0.000 1.000 0.000 0.000 0.000 0.000 0.000 0.000   
paths   0.000 0.000 0.000 0.000 0.000 0.000 1.000 1.000 1.000 0.000 0.000   
woods   1.000 0.000 0.000 0.000 0.000 0.000 0.000 0.000 0.000 0.000 0.000   
prior   0.020 0.020 0.020 0.020 0.020 0.020 0.020 0.020 0.020 0.020 0.020   
alpha                                                                       

          M19    M6   M41    M9    M1   M32   M18   M21   M44   M43   M49   
yellow  0.000 0.000 0.000 1.000 1.000 0.000 1.000 1.000 0.000 0.000 1.000  \
bell    0.000 1.000 1.000 0.000 0.000 0.000 0.000 0.000 1.000 0.000 1.000   
scaly   1.000 1.000 0.000 1.000 0.000 0.000 1.000 0.000 0.000 0.000 0.000   
edible  1.000 1.000 1.000 1.000 1.000 1.000 1.000 1.000 1.000 1.000 1.000   
free    1.000 1.000 1.000 1.000 1.000 1.000 1.000 1.000 1.000 1.000 1.000   
closed  1.000 1.000 1.000 1.000 1.000 1.000 1.000 0.000 1.000 0.000 1.000   
grasses 0.000 0.000 0.000 0.000 1.000 0.000 0.000 0.000 1.000 1.000 0.000   
convex  1.000 0.000 0.000 1.000 1.000 1.000 1.000 1.000 0.000 0.000 0.000   
meadows 1.000 1.000 1.000 1.000 0.000 0.000 1.000 0.000 0.000 0.000 1.000   
white   1.000 1.000 1.000 0.000 0.000 0.000 0.000 0.000 1.000 0.000 0.000   
smooth  0.000 0.000 1.000 0.000 1.000 0.000 0.000 1.000 1.000 0.000 1.000   
flat    0.000 0.000 0.000 0.000 0.000 0.000 0.000 0.000 0.000 1.000 0.000   
fibrous 0.000 0.000 0.000 0.000 0.000 1.000 0.000 0.000 0.000 1.000 0.000   
crowded 0.000 0.000 0.000 0.000 0.000 0.000 0.000 1.000 0.000 1.000 0.000   
brown   0.000 0.000 0.000 0.000 0.000 1.000 0.000 0.000 0.000 0.000 0.000   
gray    0.000 0.000 0.000 0.000 0.000 0.000 0.000 0.000 0.000 1.000 0.000   
sunken  0.000 0.000 0.000 0.000 0.000 0.000 0.000 0.000 0.000 0.000 0.000   
urban   0.000 0.000 0.000 0.000 0.000 1.000 0.000 0.000 0.000 0.000 0.000   
paths   0.000 0.000 0.000 0.000 0.000 0.000 0.000 0.000 0.000 0.000 0.000   
woods   0.000 0.000 0.000 0.000 0.000 0.000 0.000 1.000 0.000 0.000 0.000   
prior   0.020 0.020 0.020 0.020 0.020 0.020 0.020 0.020 0.020 0.020 0.020   
alpha                                                                       

           M5   M14   M12   M35    M7 costs  
yellow  0.000 1.000 0.000 1.000 1.000 0.000  
bell    1.000 1.000 0.000 0.000 1.000 0.000  
scaly   0.000 0.000 0.000 1.000 0.000 0.000  
edible  1.000 1.000 1.000 1.000 1.000 0.000  
free    1.000 1.000 1.000 1.000 1.000 0.000  
closed  1.000 1.000 1.000 1.000 1.000 0.000  
grasses 0.000 0.000 0.000 0.000 0.000 0.000  
convex  0.000 0.000 0.000 1.000 0.000 0.000  
meadows 1.000 1.000 0.000 1.000 1.000 0.000  
white   1.000 0.000 0.000 0.000 0.000 0.000  
smooth  1.000 1.000 0.000 0.000 1.000 0.000  
flat    0.000 0.000 0.000 0.000 0.000 0.000  
fibrous 0.000 0.000 1.000 0.000 0.000 0.000  
crowded 0.000 0.000 0.000 0.000 0.000 0.000  
brown   0.000 0.000 0.000 0.000 0.000 0.000  
gray    0.000 0.000 1.000 0.000 0.000 0.000  
sunken  0.000 0.000 1.000 0.000 0.000 0.000  
urban   0.000 0.000 1.000 0.000 0.000 0.000  
paths   0.000 0.000 0.000 0.000 0.000 0.000  
woods   0.000 0.000 0.000 0.000 0.000 0.000  
prior   0.020 0.020 0.020 0.020 0.020        
alpha                                        

Speaker:
+-----+----------+----------+-----------+---------+----------+--------+---------+----------+---------+
|     |   closed |   convex |   meadows |   white |   smooth |   flat |   brown |   sunken |   urban |
|-----+----------+----------+-----------+---------+----------+--------+---------+----------+---------|
| M23 |    0.000 |    0.000 |     1.000 |   0.000 |    0.000 |  0.000 |   0.000 |    0.000 |   0.000 |
| M13 |    0.000 |    0.000 |     0.000 |   1.000 |    0.000 |  0.000 |   0.000 |    0.000 |   0.000 |
| M47 |    0.333 |    0.000 |     0.000 |   0.000 |    0.000 |  0.000 |   0.000 |    0.333 |   0.333 |
| M36 |    0.000 |    1.000 |     0.000 |   0.000 |    0.000 |  0.000 |   0.000 |    0.000 |   0.000 |
| M24 |    0.000 |    0.000 |     0.000 |   0.000 |    0.000 |  0.000 |   1.000 |    0.000 |   0.000 |
| M27 |    0.333 |    0.000 |     0.000 |   0.000 |    0.000 |  0.000 |   0.000 |    0.333 |   0.333 |
| M33 |    0.000 |    0.000 |     1.000 |   0.000 |    0.000 |  0.000 |   0.000 |    0.000 |   0.000 |
| M39 |    0.000 |    0.000 |     0.000 |   0.000 |    0.000 |  0.000 |   1.000 |    0.000 |   0.000 |
| M38 |    0.000 |    0.000 |     0.000 |   0.000 |    0.000 |  1.000 |   0.000 |    0.000 |   0.000 |
| M3  |    0.000 |    0.000 |     0.000 |   0.000 |    1.000 |  0.000 |   0.000 |    0.000 |   0.000 |
| M19 |    0.000 |    0.000 |     1.000 |   0.000 |    0.000 |  0.000 |   0.000 |    0.000 |   0.000 |
| M9  |    0.000 |    0.000 |     1.000 |   0.000 |    0.000 |  0.000 |   0.000 |    0.000 |   0.000 |
| M18 |    0.000 |    0.000 |     1.000 |   0.000 |    0.000 |  0.000 |   0.000 |    0.000 |   0.000 |
| M21 |    0.000 |    0.000 |     0.000 |   0.000 |    1.000 |  0.000 |   0.000 |    0.000 |   0.000 |
| M12 |    0.333 |    0.000 |     0.000 |   0.000 |    0.000 |  0.000 |   0.000 |    0.333 |   0.333 |
| M35 |    0.000 |    0.000 |     1.000 |   0.000 |    0.000 |  0.000 |   0.000 |    0.000 |   0.000 |
+-----+----------+----------+-----------+---------+----------+--------+---------+----------+---------+

Listener:
+-------------+-------+-------+-------+-------+-------+-------+-------+-------+-------+-------+-------+-------+-------+-------+-------+-------+-------+-------+-------+---------+-----------+
|             |   M29 | M16   | M47   | M24   | M27   | M28   | M26   | M22   | M31   | M37   | M38   | M3    | M6    | M21   | M43   | M49   | M14   | M12   | M7    | costs   | entropy   |
|-------------+-------+-------+-------+-------+-------+-------+-------+-------+-------+-------+-------+-------+-------+-------+-------+-------+-------+-------+-------+---------+-----------|
| bell        | 0.143 | 0.143 | 0.0   | 0.0   | 0.0   | 0.0   | 0.0   | 0.143 | 0.0   | 0.0   | 0.0   | 0.0   | 0.143 | 0.0   | 0.0   | 0.143 | 0.143 | 0.0   | 0.143 | 0.0     | 2.807     |
| gray        | 0.000 | 0.0   | 0.172 | 0.0   | 0.172 | 0.0   | 0.0   | 0.0   | 0.0   | 0.0   | 0.0   | 0.242 | 0.0   | 0.0   | 0.242 | 0.0   | 0.0   | 0.172 | 0.0   | 0.0     | 2.301     |
| sunken      | 0.000 | 0.0   | 0.333 | 0.0   | 0.333 | 0.0   | 0.0   | 0.0   | 0.0   | 0.0   | 0.0   | 0.0   | 0.0   | 0.0   | 0.0   | 0.0   | 0.0   | 0.333 | 0.0   | 0.0     | 1.585     |
| paths       | 0.000 | 0.0   | 0.0   | 0.297 | 0.0   | 0.0   | 0.0   | 0.0   | 0.297 | 0.297 | 0.11  | 0.0   | 0.0   | 0.0   | 0.0   | 0.0   | 0.0   | 0.0   | 0.0   | 0.0     | 1.91      |
| woods       | 0.000 | 0.0   | 0.0   | 0.0   | 0.0   | 0.333 | 0.333 | 0.0   | 0.0   | 0.0   | 0.0   | 0.0   | 0.0   | 0.333 | 0.0   | 0.0   | 0.0   | 0.0   | 0.0   | 0.0     | 1.585     |
| prior       | 0.020 | 0.02  | 0.02  | 0.02  | 0.02  | 0.02  | 0.02  | 0.02  | 0.02  | 0.02  | 0.02  | 0.02  | 0.02  | 0.02  | 0.02  | 0.02  | 0.02  | 0.02  | 0.02  |         |           |
| alpha       | 2.000 |       |       |       |       |       |       |       |       |       |       |       |       |       |       |       |       |       |       |         |           |
| entropy     | 0.008 | 0.008 | 0.02  | 0.011 | 0.02  | 0.011 | 0.011 | 0.008 | 0.011 | 0.011 | 0.007 | 0.01  | 0.008 | 0.011 | 0.01  | 0.008 | 0.008 | 0.02  | 0.008 |         |           |
| entropy_sum | 0.208 |       |       |       |       |       |       |       |       |       |       |       |       |       |       |       |       |       |       |         |           |
+-------------+-------+-------+-------+-------+-------+-------+-------+-------+-------+-------+-------+-------+-------+-------+-------+-------+-------+-------+-------+---------+-----------+


*************************** chactNode 282 ****************************
Level: 2
Parent of nodes [1155, 1771, 2031]
Child of node  2

The reference game is as follows:
            M88   M51   M65   M85   M94   M76   M64   M68   M61   M46   M86   
brown     1.000 1.000 1.000 0.000 1.000 1.000 0.000 0.000 1.000 1.000 0.000  \
convex    1.000 1.000 1.000 1.000 1.000 1.000 1.000 1.000 1.000 1.000 1.000   
scaly     1.000 0.000 1.000 1.000 1.000 1.000 0.000 0.000 1.000 1.000 1.000   
poisonous 1.000 1.000 1.000 1.000 1.000 1.000 1.000 1.000 1.000 0.000 1.000   
free      1.000 1.000 1.000 1.000 1.000 1.000 1.000 1.000 1.000 1.000 1.000   
closed    1.000 1.000 1.000 1.000 1.000 1.000 1.000 1.000 1.000 1.000 1.000   
urban     1.000 1.000 1.000 0.000 0.000 1.000 1.000 0.000 1.000 0.000 1.000   
smooth    0.000 1.000 0.000 0.000 0.000 0.000 1.000 1.000 0.000 0.000 0.000   
white     0.000 0.000 0.000 1.000 0.000 0.000 1.000 1.000 0.000 0.000 1.000   
grasses   0.000 0.000 0.000 1.000 1.000 0.000 0.000 1.000 0.000 0.000 0.000   
edible    0.000 0.000 0.000 0.000 0.000 0.000 0.000 0.000 0.000 1.000 0.000   
paths     0.000 0.000 0.000 0.000 0.000 0.000 0.000 0.000 0.000 1.000 0.000   
flat      0.000 0.000 0.000 0.000 0.000 0.000 0.000 0.000 0.000 0.000 0.000   
prior     0.020 0.020 0.020 0.020 0.020 0.020 0.020 0.020 0.020 0.020 0.020   
alpha     2.000                                                               

            M97   M70   M75   M55   M92   M84   M83   M82   M57   M96   M74   
brown     1.000 0.000 0.000 1.000 1.000 0.000 0.000 1.000 1.000 1.000 0.000  \
convex    0.000 1.000 1.000 1.000 1.000 1.000 1.000 0.000 1.000 1.000 1.000   
scaly     0.000 1.000 0.000 0.000 0.000 1.000 1.000 0.000 0.000 1.000 0.000   
poisonous 1.000 1.000 1.000 1.000 1.000 1.000 1.000 1.000 1.000 1.000 1.000   
free      1.000 1.000 1.000 1.000 1.000 1.000 1.000 1.000 1.000 1.000 1.000   
closed    1.000 1.000 1.000 1.000 1.000 1.000 1.000 1.000 1.000 1.000 1.000   
urban     0.000 1.000 0.000 0.000 1.000 0.000 0.000 1.000 1.000 1.000 1.000   
smooth    1.000 0.000 1.000 1.000 1.000 0.000 0.000 1.000 1.000 0.000 1.000   
white     0.000 1.000 1.000 0.000 0.000 1.000 1.000 0.000 0.000 0.000 1.000   
grasses   1.000 0.000 1.000 1.000 0.000 1.000 1.000 0.000 0.000 0.000 0.000   
edible    0.000 0.000 0.000 0.000 0.000 0.000 0.000 0.000 0.000 0.000 0.000   
paths     0.000 0.000 0.000 0.000 0.000 0.000 0.000 0.000 0.000 0.000 0.000   
flat      1.000 0.000 0.000 0.000 0.000 0.000 0.000 1.000 0.000 0.000 0.000   
prior     0.020 0.020 0.020 0.020 0.020 0.020 0.020 0.020 0.020 0.020 0.020   
alpha                                                                         

            M81   M63   M59   M73   M71   M60   M52   M66   M54   M62   M67   
brown     1.000 1.000 0.000 0.000 1.000 0.000 0.000 0.000 0.000 0.000 0.000  \
convex    0.000 1.000 0.000 1.000 1.000 1.000 1.000 1.000 1.000 1.000 1.000   
scaly     1.000 1.000 0.000 1.000 0.000 1.000 1.000 1.000 1.000 1.000 1.000   
poisonous 1.000 1.000 1.000 1.000 1.000 1.000 1.000 1.000 1.000 1.000 1.000   
free      1.000 1.000 1.000 1.000 1.000 1.000 1.000 1.000 1.000 1.000 1.000   
closed    1.000 1.000 1.000 1.000 1.000 1.000 1.000 1.000 1.000 1.000 1.000   
urban     1.000 1.000 0.000 0.000 0.000 1.000 1.000 0.000 1.000 0.000 1.000   
smooth    0.000 0.000 1.000 0.000 1.000 0.000 0.000 0.000 0.000 0.000 0.000   
white     0.000 0.000 1.000 1.000 0.000 1.000 1.000 1.000 1.000 1.000 1.000   
grasses   0.000 0.000 1.000 1.000 1.000 0.000 0.000 1.000 0.000 1.000 0.000   
edible    0.000 0.000 0.000 0.000 0.000 0.000 0.000 0.000 0.000 0.000 0.000   
paths     0.000 0.000 0.000 0.000 0.000 0.000 0.000 0.000 0.000 0.000 0.000   
flat      1.000 0.000 1.000 0.000 0.000 0.000 0.000 0.000 0.000 0.000 0.000   
prior     0.020 0.020 0.020 0.020 0.020 0.020 0.020 0.020 0.020 0.020 0.020   
alpha                                                                         

            M79   M78   M95   M58   M80   M93   M77   M98   M56   M87   M90   
brown     1.000 0.000 1.000 1.000 0.000 1.000 0.000 1.000 0.000 1.000 1.000  \
convex    1.000 1.000 1.000 1.000 1.000 1.000 1.000 1.000 1.000 1.000 1.000   
scaly     0.000 0.000 0.000 1.000 1.000 1.000 1.000 0.000 1.000 1.000 1.000   
poisonous 1.000 1.000 1.000 1.000 1.000 1.000 1.000 1.000 1.000 1.000 1.000   
free      1.000 1.000 1.000 1.000 1.000 1.000 1.000 1.000 1.000 1.000 1.000   
closed    1.000 1.000 1.000 1.000 1.000 1.000 1.000 1.000 1.000 1.000 1.000   
urban     0.000 1.000 1.000 0.000 0.000 1.000 1.000 1.000 1.000 1.000 1.000   
smooth    1.000 1.000 1.000 0.000 0.000 0.000 0.000 1.000 0.000 0.000 0.000   
white     0.000 1.000 0.000 0.000 1.000 0.000 1.000 0.000 1.000 0.000 0.000   
grasses   1.000 0.000 0.000 1.000 1.000 0.000 0.000 0.000 0.000 0.000 0.000   
edible    0.000 0.000 0.000 0.000 0.000 0.000 0.000 0.000 0.000 0.000 0.000   
paths     0.000 0.000 0.000 0.000 0.000 0.000 0.000 0.000 0.000 0.000 0.000   
flat      0.000 0.000 0.000 0.000 0.000 0.000 0.000 0.000 0.000 0.000 0.000   
prior     0.020 0.020 0.020 0.020 0.020 0.020 0.020 0.020 0.020 0.020 0.020   
alpha                                                                         

            M91   M89  M100   M72   M69   M99   M53 costs  
brown     1.000 1.000 1.000 0.000 1.000 1.000 0.000 0.000  
convex    1.000 1.000 1.000 1.000 0.000 1.000 1.000 0.000  
scaly     0.000 1.000 0.000 1.000 1.000 0.000 1.000 0.000  
poisonous 1.000 1.000 1.000 1.000 1.000 1.000 1.000 0.000  
free      1.000 1.000 1.000 1.000 1.000 1.000 1.000 0.000  
closed    1.000 1.000 1.000 1.000 1.000 1.000 1.000 0.000  
urban     1.000 1.000 1.000 1.000 0.000 0.000 0.000 0.000  
smooth    1.000 0.000 1.000 0.000 0.000 1.000 0.000 0.000  
white     0.000 0.000 0.000 1.000 0.000 0.000 1.000 0.000  
grasses   0.000 0.000 0.000 0.000 1.000 1.000 1.000 0.000  
edible    0.000 0.000 0.000 0.000 0.000 0.000 0.000 0.000  
paths     0.000 0.000 0.000 0.000 0.000 0.000 0.000 0.000  
flat      0.000 0.000 0.000 0.000 1.000 0.000 0.000 0.000  
prior     0.020 0.020 0.020 0.020 0.020 0.020 0.020        
alpha                                                      

Speaker:
+------+---------+----------+-----------+----------+---------+--------+
|      |   urban |   smooth |   grasses |   edible |   paths |   flat |
|------+---------+----------+-----------+----------+---------+--------|
| M51  |   1.000 |    0.000 |     0.000 |    0.000 |   0.000 |  0.000 |
| M64  |   0.000 |    1.000 |     0.000 |    0.000 |   0.000 |  0.000 |
| M68  |   0.000 |    1.000 |     0.000 |    0.000 |   0.000 |  0.000 |
| M46  |   0.000 |    0.000 |     0.000 |    0.500 |   0.500 |  0.000 |
| M97  |   0.000 |    0.000 |     1.000 |    0.000 |   0.000 |  0.000 |
| M75  |   0.000 |    1.000 |     0.000 |    0.000 |   0.000 |  0.000 |
| M55  |   0.000 |    0.000 |     1.000 |    0.000 |   0.000 |  0.000 |
| M92  |   1.000 |    0.000 |     0.000 |    0.000 |   0.000 |  0.000 |
| M82  |   1.000 |    0.000 |     0.000 |    0.000 |   0.000 |  0.000 |
| M57  |   1.000 |    0.000 |     0.000 |    0.000 |   0.000 |  0.000 |
| M74  |   0.000 |    1.000 |     0.000 |    0.000 |   0.000 |  0.000 |
| M81  |   0.000 |    0.000 |     0.000 |    0.000 |   0.000 |  1.000 |
| M59  |   0.000 |    0.147 |     0.000 |    0.000 |   0.000 |  0.853 |
| M71  |   0.000 |    0.000 |     1.000 |    0.000 |   0.000 |  0.000 |
| M79  |   0.000 |    0.000 |     1.000 |    0.000 |   0.000 |  0.000 |
| M78  |   0.000 |    1.000 |     0.000 |    0.000 |   0.000 |  0.000 |
| M95  |   1.000 |    0.000 |     0.000 |    0.000 |   0.000 |  0.000 |
| M58  |   0.000 |    0.000 |     1.000 |    0.000 |   0.000 |  0.000 |
| M98  |   1.000 |    0.000 |     0.000 |    0.000 |   0.000 |  0.000 |
| M91  |   1.000 |    0.000 |     0.000 |    0.000 |   0.000 |  0.000 |
| M100 |   1.000 |    0.000 |     0.000 |    0.000 |   0.000 |  0.000 |
| M69  |   0.000 |    0.000 |     0.500 |    0.000 |   0.000 |  0.500 |
| M99  |   0.000 |    0.000 |     1.000 |    0.000 |   0.000 |  0.000 |
+------+---------+----------+-----------+----------+---------+--------+

Listener:
+-------------+-------+-------+-------+-------+-------+-------+-------+-------+-------+-------+-------+-------+-------+-------+-------+-------+-------+-------+---------+-----------+
|             |   M85 | M46   | M86   | M70   | M84   | M83   | M73   | M60   | M52   | M66   | M54   | M62   | M67   | M80   | M77   | M56   | M72   | M53   | costs   | entropy   |
|-------------+-------+-------+-------+-------+-------+-------+-------+-------+-------+-------+-------+-------+-------+-------+-------+-------+-------+-------+---------+-----------|
| white       | 0.107 | 0.0   | 0.016 | 0.016 | 0.107 | 0.107 | 0.107 | 0.016 | 0.016 | 0.107 | 0.016 | 0.107 | 0.016 | 0.107 | 0.016 | 0.016 | 0.016 | 0.107 | 0.0     | 3.617     |
| edible      | 0.000 | 1.0   | 0.0   | 0.0   | 0.0   | 0.0   | 0.0   | 0.0   | 0.0   | 0.0   | 0.0   | 0.0   | 0.0   | 0.0   | 0.0   | 0.0   | 0.0   | 0.0   | 0.0     | 0.0       |
| paths       | 0.000 | 1.0   | 0.0   | 0.0   | 0.0   | 0.0   | 0.0   | 0.0   | 0.0   | 0.0   | 0.0   | 0.0   | 0.0   | 0.0   | 0.0   | 0.0   | 0.0   | 0.0   | 0.0     | 0.0       |
| prior       | 0.020 | 0.02  | 0.02  | 0.02  | 0.02  | 0.02  | 0.02  | 0.02  | 0.02  | 0.02  | 0.02  | 0.02  | 0.02  | 0.02  | 0.02  | 0.02  | 0.02  | 0.02  |         |           |
| alpha       | 2.000 |       |       |       |       |       |       |       |       |       |       |       |       |       |       |       |       |       |         |           |
| entropy     | 0.007 | 0.0   | 0.002 | 0.002 | 0.007 | 0.007 | 0.007 | 0.002 | 0.002 | 0.007 | 0.002 | 0.007 | 0.002 | 0.007 | 0.002 | 0.002 | 0.002 | 0.007 |         |           |
| entropy_sum | 0.071 |       |       |       |       |       |       |       |       |       |       |       |       |       |       |       |       |       |         |           |
+-------------+-------+-------+-------+-------+-------+-------+-------+-------+-------+-------+-------+-------+-------+-------+-------+-------+-------+-------+---------+-----------+