xinlian@lawn-143-215-53-129 CHAI-cobweb % python3 mushroom_chact.py

The profile of the data is as follows:
cap-color:
-> brown : 0.33
-> yellow : 0.27
-> white : 0.35
-> gray : 0.05
cap-shape:
-> convex : 0.69
-> bell : 0.19
-> flat : 0.09
-> sunken : 0.03
cap-surface:
-> scaly : 0.53
-> smooth : 0.37
-> fibrous : 0.1
classification:
-> poisonous : 0.5
-> edible : 0.5
gill-attachment:
-> free : 1.0
gill-spacing:
-> closed : 0.93
-> crowded : 0.07
habitat:
-> urban : 0.36
-> grasses : 0.33
-> meadows : 0.23
-> paths : 0.05
-> woods : 0.03


START TREE FITTING...
Processing: 100%|███████████████████████████████████████████████████████████████████████████████████| 100/100 [00:00<00:00, 2076.33item/s]
START CHAI ACTIVATING...
Processing: 100%|██████████████████████████████████████████████████████████████████████████████████████| 71/71 [00:00<00:00, 371.82item/s]


Now display the CHAI frameworks of all the nodes.


*************************** chactNode 428 ****************************
Level: 3
Parent of nodes [1023, 1535, 1988, 2829]
Child of node 107

The reference game is as follows:
           M8    M4   M45   M23   M40   M24   M33   M39   M34   M31   M37   
yellow  1.000 1.000 1.000 1.000 0.000 0.000 1.000 0.000 0.000 1.000 1.000  \
convex  1.000 1.000 1.000 1.000 1.000 1.000 1.000 1.000 1.000 1.000 1.000   
scaly   1.000 1.000 0.000 1.000 0.000 1.000 0.000 1.000 1.000 1.000 1.000   
edible  1.000 1.000 1.000 1.000 1.000 1.000 1.000 1.000 1.000 1.000 1.000   
free    1.000 1.000 1.000 1.000 1.000 1.000 1.000 1.000 1.000 1.000 1.000   
closed  1.000 1.000 1.000 1.000 1.000 1.000 1.000 1.000 1.000 1.000 1.000   
grasses 1.000 1.000 1.000 0.000 1.000 0.000 0.000 1.000 1.000 0.000 0.000   
smooth  0.000 0.000 1.000 0.000 1.000 0.000 1.000 0.000 0.000 0.000 0.000   
meadows 0.000 0.000 0.000 1.000 0.000 0.000 1.000 0.000 0.000 0.000 0.000   
white   0.000 0.000 0.000 0.000 1.000 0.000 0.000 0.000 1.000 0.000 0.000   
brown   0.000 0.000 0.000 0.000 0.000 1.000 0.000 1.000 0.000 0.000 0.000   
paths   0.000 0.000 0.000 0.000 0.000 1.000 0.000 0.000 0.000 1.000 1.000   
flat    0.000 0.000 0.000 0.000 0.000 0.000 0.000 0.000 0.000 0.000 0.000   
prior   0.059 0.059 0.059 0.059 0.059 0.059 0.059 0.059 0.059 0.059 0.059   
alpha   3.000                                                               

          M38   M19    M9    M1   M18   M35 costs  
yellow  1.000 0.000 1.000 1.000 1.000 1.000 0.000  
convex  0.000 1.000 1.000 1.000 1.000 1.000 0.000  
scaly   1.000 1.000 1.000 0.000 1.000 1.000 0.000  
edible  1.000 1.000 1.000 1.000 1.000 1.000 0.000  
free    1.000 1.000 1.000 1.000 1.000 1.000 0.000  
closed  1.000 1.000 1.000 1.000 1.000 1.000 0.000  
grasses 0.000 0.000 0.000 1.000 0.000 0.000 0.000  
smooth  0.000 0.000 0.000 1.000 0.000 0.000 0.000  
meadows 0.000 1.000 1.000 0.000 1.000 1.000 0.000  
white   0.000 1.000 0.000 0.000 0.000 0.000 0.000  
brown   0.000 0.000 0.000 0.000 0.000 0.000 0.000  
paths   1.000 0.000 0.000 0.000 0.000 0.000 0.000  
flat    1.000 0.000 0.000 0.000 0.000 0.000 0.000  
prior   0.059 0.059 0.059 0.059 0.059 0.059        
alpha                                              

Speaker:
+-----+----------+----------+---------+----------+--------+----------+-----------+----------+-----------+---------+---------+---------+--------+
|     |   yellow |   convex |   scaly |   edible |   free |   closed |   grasses |   smooth |   meadows |   white |   brown |   paths |   flat |
|-----+----------+----------+---------+----------+--------+----------+-----------+----------+-----------+---------+---------+---------+--------|
| M8  |    0.120 |    0.051 |   0.095 |    0.042 |  0.042 |    0.042 |     0.607 |    0.000 |     0.000 |   0.000 |   0.000 |   0.000 |  0.000 |
| M4  |    0.120 |    0.051 |   0.095 |    0.042 |  0.042 |    0.042 |     0.607 |    0.000 |     0.000 |   0.000 |   0.000 |   0.000 |  0.000 |
| M45 |    0.029 |    0.012 |   0.000 |    0.010 |  0.010 |    0.010 |     0.146 |    0.782 |     0.000 |   0.000 |   0.000 |   0.000 |  0.000 |
| M23 |    0.089 |    0.037 |   0.070 |    0.031 |  0.031 |    0.031 |     0.000 |    0.000 |     0.710 |   0.000 |   0.000 |   0.000 |  0.000 |
| M40 |    0.000 |    0.004 |   0.000 |    0.004 |  0.004 |    0.004 |     0.052 |    0.277 |     0.000 |   0.656 |   0.000 |   0.000 |  0.000 |
| M24 |    0.000 |    0.002 |   0.003 |    0.001 |  0.001 |    0.001 |     0.000 |    0.000 |     0.000 |   0.000 |   0.881 |   0.110 |  0.000 |
| M33 |    0.027 |    0.011 |   0.000 |    0.009 |  0.009 |    0.009 |     0.000 |    0.720 |     0.213 |   0.000 |   0.000 |   0.000 |  0.000 |
| M39 |    0.000 |    0.002 |   0.004 |    0.002 |  0.002 |    0.002 |     0.023 |    0.000 |     0.000 |   0.000 |   0.967 |   0.000 |  0.000 |
| M34 |    0.000 |    0.006 |   0.011 |    0.005 |  0.005 |    0.005 |     0.071 |    0.000 |     0.000 |   0.898 |   0.000 |   0.000 |  0.000 |
| M31 |    0.033 |    0.014 |   0.026 |    0.012 |  0.012 |    0.012 |     0.000 |    0.000 |     0.000 |   0.000 |   0.000 |   0.892 |  0.000 |
| M37 |    0.033 |    0.014 |   0.026 |    0.012 |  0.012 |    0.012 |     0.000 |    0.000 |     0.000 |   0.000 |   0.000 |   0.892 |  0.000 |
| M38 |    0.001 |    0.000 |   0.000 |    0.000 |  0.000 |    0.000 |     0.000 |    0.000 |     0.000 |   0.000 |   0.000 |   0.015 |  0.983 |
| M19 |    0.000 |    0.006 |   0.011 |    0.005 |  0.005 |    0.005 |     0.000 |    0.000 |     0.108 |   0.862 |   0.000 |   0.000 |  0.000 |
| M9  |    0.089 |    0.037 |   0.070 |    0.031 |  0.031 |    0.031 |     0.000 |    0.000 |     0.710 |   0.000 |   0.000 |   0.000 |  0.000 |
| M1  |    0.029 |    0.012 |   0.000 |    0.010 |  0.010 |    0.010 |     0.146 |    0.782 |     0.000 |   0.000 |   0.000 |   0.000 |  0.000 |
| M18 |    0.089 |    0.037 |   0.070 |    0.031 |  0.031 |    0.031 |     0.000 |    0.000 |     0.710 |   0.000 |   0.000 |   0.000 |  0.000 |
| M35 |    0.089 |    0.037 |   0.070 |    0.031 |  0.031 |    0.031 |     0.000 |    0.000 |     0.710 |   0.000 |   0.000 |   0.000 |  0.000 |
+-----+----------+----------+---------+----------+--------+----------+-----------+----------+-----------+---------+---------+---------+--------+

Listener:
+-------------+-------+-------+-------+-------+-------+-------+-------+-------+-------+-------+-------+-------+-------+-------+-------+-------+-------+---------+-----------+
|             |    M8 | M4    | M45   | M23   | M40   | M24   | M33   | M39   | M34   | M31   | M37   | M38   | M19   | M9    | M1    | M18   | M35   | costs   | entropy   |
|-------------+-------+-------+-------+-------+-------+-------+-------+-------+-------+-------+-------+-------+-------+-------+-------+-------+-------+---------+-----------|
| yellow      | 0.161 | 0.161 | 0.039 | 0.119 | 0.0   | 0.0   | 0.036 | 0.0   | 0.0   | 0.044 | 0.044 | 0.001 | 0.0   | 0.119 | 0.039 | 0.119 | 0.119 | 0.0     | 3.25      |
| convex      | 0.152 | 0.152 | 0.037 | 0.112 | 0.013 | 0.005 | 0.034 | 0.006 | 0.018 | 0.042 | 0.042 | 0.0   | 0.017 | 0.112 | 0.037 | 0.112 | 0.112 | 0.0     | 3.501     |
| scaly       | 0.172 | 0.172 | 0.0   | 0.127 | 0.0   | 0.006 | 0.0   | 0.006 | 0.02  | 0.047 | 0.047 | 0.001 | 0.019 | 0.127 | 0.0   | 0.127 | 0.127 | 0.0     | 3.125     |
| edible      | 0.152 | 0.152 | 0.037 | 0.112 | 0.013 | 0.005 | 0.034 | 0.006 | 0.018 | 0.042 | 0.042 | 0.001 | 0.017 | 0.112 | 0.037 | 0.112 | 0.112 | 0.0     | 3.507     |
| free        | 0.152 | 0.152 | 0.037 | 0.112 | 0.013 | 0.005 | 0.034 | 0.006 | 0.018 | 0.042 | 0.042 | 0.001 | 0.017 | 0.112 | 0.037 | 0.112 | 0.112 | 0.0     | 3.507     |
| closed      | 0.152 | 0.152 | 0.037 | 0.112 | 0.013 | 0.005 | 0.034 | 0.006 | 0.018 | 0.042 | 0.042 | 0.001 | 0.017 | 0.112 | 0.037 | 0.112 | 0.112 | 0.0     | 3.507     |
| grasses     | 0.368 | 0.368 | 0.088 | 0.0   | 0.031 | 0.0   | 0.0   | 0.014 | 0.043 | 0.0   | 0.0   | 0.0   | 0.0   | 0.0   | 0.088 | 0.0   | 0.0   | 0.0     | 2.116     |
| smooth      | 0.000 | 0.0   | 0.305 | 0.0   | 0.108 | 0.0   | 0.281 | 0.0   | 0.0   | 0.0   | 0.0   | 0.0   | 0.0   | 0.0   | 0.305 | 0.0   | 0.0   | 0.0     | 1.907     |
| meadows     | 0.000 | 0.0   | 0.0   | 0.225 | 0.0   | 0.0   | 0.068 | 0.0   | 0.0   | 0.0   | 0.0   | 0.0   | 0.034 | 0.225 | 0.0   | 0.225 | 0.225 | 0.0     | 2.364     |
| white       | 0.000 | 0.0   | 0.0   | 0.0   | 0.272 | 0.0   | 0.0   | 0.0   | 0.372 | 0.0   | 0.0   | 0.0   | 0.357 | 0.0   | 0.0   | 0.0   | 0.0   | 0.0     | 1.572     |
| brown       | 0.000 | 0.0   | 0.0   | 0.0   | 0.0   | 0.477 | 0.0   | 0.523 | 0.0   | 0.0   | 0.0   | 0.0   | 0.0   | 0.0   | 0.0   | 0.0   | 0.0   | 0.0     | 0.998     |
| paths       | 0.000 | 0.0   | 0.0   | 0.0   | 0.0   | 0.058 | 0.0   | 0.0   | 0.0   | 0.467 | 0.467 | 0.008 | 0.0   | 0.0   | 0.0   | 0.0   | 0.0   | 0.0     | 1.319     |
| flat        | 0.000 | 0.0   | 0.0   | 0.0   | 0.0   | 0.0   | 0.0   | 0.0   | 0.0   | 0.0   | 0.0   | 1.0   | 0.0   | 0.0   | 0.0   | 0.0   | 0.0   | 0.0     | 0.0       |
| prior       | 0.059 | 0.059 | 0.059 | 0.059 | 0.059 | 0.059 | 0.059 | 0.059 | 0.059 | 0.059 | 0.059 | 0.059 | 0.059 | 0.059 | 0.059 | 0.059 | 0.059 |         |           |
| alpha       | 3.000 |       |       |       |       |       |       |       |       |       |       |       |       |       |       |       |       |         |           |
| entropy     | 0.179 | 0.179 | 0.101 | 0.155 | 0.079 | 0.056 | 0.095 | 0.046 | 0.074 | 0.099 | 0.099 | 0.006 | 0.071 | 0.155 | 0.101 | 0.155 | 0.155 |         |           |
| entropy_sum | 1.804 |       |       |       |       |       |       |       |       |       |       |       |       |       |       |       |       |         |           |
+-------------+-------+-------+-------+-------+-------+-------+-------+-------+-------+-------+-------+-------+-------+-------+-------+-------+-------+---------+-----------+


*************************** chactNode 570 ****************************
Level: 3
Parent of nodes [870, 3341, 579, 371]
Child of node 107

The reference game is as follows:
           M2   M30   M25   M10   M15   M29   M16   M36   M48   M42   M22   
white   1.000 0.000 0.000 0.000 0.000 0.000 1.000 1.000 0.000 0.000 0.000  \
bell    1.000 1.000 1.000 1.000 1.000 1.000 1.000 0.000 1.000 1.000 1.000   
smooth  1.000 0.000 0.000 1.000 0.000 1.000 0.000 1.000 0.000 0.000 1.000   
edible  1.000 1.000 1.000 1.000 1.000 1.000 1.000 1.000 1.000 1.000 1.000   
free    1.000 1.000 1.000 1.000 1.000 1.000 1.000 1.000 1.000 1.000 1.000   
closed  1.000 1.000 1.000 1.000 1.000 1.000 1.000 1.000 1.000 1.000 1.000   
meadows 1.000 0.000 1.000 0.000 1.000 1.000 1.000 1.000 1.000 1.000 1.000   
yellow  0.000 1.000 1.000 1.000 1.000 1.000 0.000 0.000 1.000 1.000 1.000   
scaly   0.000 1.000 1.000 0.000 1.000 0.000 1.000 0.000 1.000 1.000 0.000   
grasses 0.000 1.000 0.000 1.000 0.000 0.000 0.000 0.000 0.000 0.000 0.000   
convex  0.000 0.000 0.000 0.000 0.000 0.000 0.000 1.000 0.000 0.000 0.000   
prior   0.050 0.050 0.050 0.050 0.050 0.050 0.050 0.050 0.050 0.050 0.050   
alpha   3.000                                                               

          M50   M17    M6   M41   M44   M49    M5   M14    M7 costs  
white   0.000 1.000 1.000 1.000 1.000 0.000 1.000 0.000 0.000 0.000  
bell    1.000 1.000 1.000 1.000 1.000 1.000 1.000 1.000 1.000 0.000  
smooth  0.000 1.000 0.000 1.000 1.000 1.000 1.000 1.000 1.000 0.000  
edible  1.000 1.000 1.000 1.000 1.000 1.000 1.000 1.000 1.000 0.000  
free    1.000 1.000 1.000 1.000 1.000 1.000 1.000 1.000 1.000 0.000  
closed  1.000 1.000 1.000 1.000 1.000 1.000 1.000 1.000 1.000 0.000  
meadows 1.000 1.000 1.000 1.000 0.000 1.000 1.000 1.000 1.000 0.000  
yellow  1.000 0.000 0.000 0.000 0.000 1.000 0.000 1.000 1.000 0.000  
scaly   1.000 0.000 1.000 0.000 0.000 0.000 0.000 0.000 0.000 0.000  
grasses 0.000 0.000 0.000 0.000 1.000 0.000 0.000 0.000 0.000 0.000  
convex  0.000 0.000 0.000 0.000 0.000 0.000 0.000 0.000 0.000 0.000  
prior   0.050 0.050 0.050 0.050 0.050 0.050 0.050 0.050 0.050        
alpha                                                                

Speaker:
+-----+---------+--------+----------+----------+--------+----------+-----------+----------+---------+-----------+----------+
|     |   white |   bell |   smooth |   edible |   free |   closed |   meadows |   yellow |   scaly |   grasses |   convex |
|-----+---------+--------+----------+----------+--------+----------+-----------+----------+---------+-----------+----------|
| M2  |   0.600 |  0.045 |    0.178 |    0.038 |  0.038 |    0.038 |     0.063 |    0.000 |   0.000 |     0.000 |    0.000 |
| M30 |   0.000 |  0.004 |    0.000 |    0.003 |  0.003 |    0.003 |     0.000 |    0.014 |   0.049 |     0.924 |    0.000 |
| M25 |   0.000 |  0.045 |    0.000 |    0.038 |  0.038 |    0.038 |     0.063 |    0.178 |   0.600 |     0.000 |    0.000 |
| M10 |   0.000 |  0.004 |    0.015 |    0.003 |  0.003 |    0.003 |     0.000 |    0.015 |   0.000 |     0.957 |    0.000 |
| M15 |   0.000 |  0.045 |    0.000 |    0.038 |  0.038 |    0.038 |     0.063 |    0.178 |   0.600 |     0.000 |    0.000 |
| M29 |   0.000 |  0.077 |    0.308 |    0.066 |  0.066 |    0.066 |     0.108 |    0.308 |   0.000 |     0.000 |    0.000 |
| M16 |   0.422 |  0.031 |    0.000 |    0.027 |  0.027 |    0.027 |     0.044 |    0.000 |   0.422 |     0.000 |    0.000 |
| M36 |   0.002 |  0.000 |    0.001 |    0.000 |  0.000 |    0.000 |     0.000 |    0.000 |   0.000 |     0.000 |    0.997 |
| M48 |   0.000 |  0.045 |    0.000 |    0.038 |  0.038 |    0.038 |     0.063 |    0.178 |   0.600 |     0.000 |    0.000 |
| M42 |   0.000 |  0.045 |    0.000 |    0.038 |  0.038 |    0.038 |     0.063 |    0.178 |   0.600 |     0.000 |    0.000 |
| M22 |   0.000 |  0.077 |    0.308 |    0.066 |  0.066 |    0.066 |     0.108 |    0.308 |   0.000 |     0.000 |    0.000 |
| M50 |   0.000 |  0.045 |    0.000 |    0.038 |  0.038 |    0.038 |     0.063 |    0.178 |   0.600 |     0.000 |    0.000 |
| M17 |   0.600 |  0.045 |    0.178 |    0.038 |  0.038 |    0.038 |     0.063 |    0.000 |   0.000 |     0.000 |    0.000 |
| M6  |   0.422 |  0.031 |    0.000 |    0.027 |  0.027 |    0.027 |     0.044 |    0.000 |   0.422 |     0.000 |    0.000 |
| M41 |   0.600 |  0.045 |    0.178 |    0.038 |  0.038 |    0.038 |     0.063 |    0.000 |   0.000 |     0.000 |    0.000 |
| M44 |   0.049 |  0.004 |    0.014 |    0.003 |  0.003 |    0.003 |     0.000 |    0.000 |   0.000 |     0.924 |    0.000 |
| M49 |   0.000 |  0.077 |    0.308 |    0.066 |  0.066 |    0.066 |     0.108 |    0.308 |   0.000 |     0.000 |    0.000 |
| M5  |   0.600 |  0.045 |    0.178 |    0.038 |  0.038 |    0.038 |     0.063 |    0.000 |   0.000 |     0.000 |    0.000 |
| M14 |   0.000 |  0.077 |    0.308 |    0.066 |  0.066 |    0.066 |     0.108 |    0.308 |   0.000 |     0.000 |    0.000 |
| M7  |   0.000 |  0.077 |    0.308 |    0.066 |  0.066 |    0.066 |     0.108 |    0.308 |   0.000 |     0.000 |    0.000 |
+-----+---------+--------+----------+----------+--------+----------+-----------+----------+---------+-----------+----------+

Listener:
+-------------+-------+-------+-------+-------+-------+-------+-------+-------+-------+-------+-------+-------+-------+-------+-------+-------+-------+-------+-------+-------+---------+-----------+
|             |    M2 | M30   | M25   | M10   | M15   | M29   | M16   | M36   | M48   | M42   | M22   | M50   | M17   | M6    | M41   | M44   | M49   | M5    | M14   | M7    | costs   | entropy   |
|-------------+-------+-------+-------+-------+-------+-------+-------+-------+-------+-------+-------+-------+-------+-------+-------+-------+-------+-------+-------+-------+---------+-----------|
| white       | 0.182 | 0.0   | 0.0   | 0.0   | 0.0   | 0.0   | 0.128 | 0.001 | 0.0   | 0.0   | 0.0   | 0.0   | 0.182 | 0.128 | 0.182 | 0.015 | 0.0   | 0.182 | 0.0   | 0.0   | 0.0     | 2.646     |
| bell        | 0.052 | 0.004 | 0.052 | 0.004 | 0.052 | 0.09  | 0.036 | 0.0   | 0.052 | 0.052 | 0.09  | 0.052 | 0.052 | 0.036 | 0.052 | 0.004 | 0.09  | 0.052 | 0.09  | 0.09  | 0.0     | 3.999     |
| smooth      | 0.078 | 0.0   | 0.0   | 0.007 | 0.0   | 0.135 | 0.0   | 0.0   | 0.0   | 0.0   | 0.135 | 0.0   | 0.078 | 0.0   | 0.078 | 0.006 | 0.135 | 0.078 | 0.135 | 0.135 | 0.0     | 3.195     |
| edible      | 0.052 | 0.004 | 0.052 | 0.004 | 0.052 | 0.09  | 0.036 | 0.0   | 0.052 | 0.052 | 0.09  | 0.052 | 0.052 | 0.036 | 0.052 | 0.004 | 0.09  | 0.052 | 0.09  | 0.09  | 0.0     | 4.001     |
| free        | 0.052 | 0.004 | 0.052 | 0.004 | 0.052 | 0.09  | 0.036 | 0.0   | 0.052 | 0.052 | 0.09  | 0.052 | 0.052 | 0.036 | 0.052 | 0.004 | 0.09  | 0.052 | 0.09  | 0.09  | 0.0     | 4.001     |
| closed      | 0.052 | 0.004 | 0.052 | 0.004 | 0.052 | 0.09  | 0.036 | 0.0   | 0.052 | 0.052 | 0.09  | 0.052 | 0.052 | 0.036 | 0.052 | 0.004 | 0.09  | 0.052 | 0.09  | 0.09  | 0.0     | 4.001     |
| meadows     | 0.052 | 0.0   | 0.052 | 0.0   | 0.052 | 0.091 | 0.037 | 0.0   | 0.052 | 0.052 | 0.091 | 0.052 | 0.052 | 0.037 | 0.052 | 0.0   | 0.091 | 0.052 | 0.091 | 0.091 | 0.0     | 3.932     |
| yellow      | 0.000 | 0.006 | 0.072 | 0.006 | 0.072 | 0.125 | 0.0   | 0.0   | 0.072 | 0.072 | 0.125 | 0.072 | 0.0   | 0.0   | 0.0   | 0.0   | 0.125 | 0.0   | 0.125 | 0.125 | 0.0     | 3.336     |
| scaly       | 0.000 | 0.013 | 0.154 | 0.0   | 0.154 | 0.0   | 0.108 | 0.0   | 0.154 | 0.154 | 0.0   | 0.154 | 0.0   | 0.108 | 0.0   | 0.0   | 0.0   | 0.0   | 0.0   | 0.0   | 0.0     | 2.853     |
| grasses     | 0.000 | 0.329 | 0.0   | 0.341 | 0.0   | 0.0   | 0.0   | 0.0   | 0.0   | 0.0   | 0.0   | 0.0   | 0.0   | 0.0   | 0.0   | 0.329 | 0.0   | 0.0   | 0.0   | 0.0   | 0.0     | 1.585     |
| convex      | 0.000 | 0.0   | 0.0   | 0.0   | 0.0   | 0.0   | 0.0   | 1.0   | 0.0   | 0.0   | 0.0   | 0.0   | 0.0   | 0.0   | 0.0   | 0.0   | 0.0   | 0.0   | 0.0   | 0.0   | 0.0     | 0.0       |
| prior       | 0.050 | 0.05  | 0.05  | 0.05  | 0.05  | 0.05  | 0.05  | 0.05  | 0.05  | 0.05  | 0.05  | 0.05  | 0.05  | 0.05  | 0.05  | 0.05  | 0.05  | 0.05  | 0.05  | 0.05  |         |           |
| alpha       | 3.000 |       |       |       |       |       |       |       |       |       |       |       |       |       |       |       |       |       |       |       |         |           |
| entropy     | 0.092 | 0.039 | 0.09  | 0.038 | 0.09  | 0.116 | 0.08  | 0.001 | 0.09  | 0.09  | 0.116 | 0.09  | 0.092 | 0.08  | 0.092 | 0.04  | 0.116 | 0.092 | 0.116 | 0.116 |         |           |
| entropy_sum | 1.677 |       |       |       |       |       |       |       |       |       |       |       |       |       |       |       |       |       |       |       |         |           |
+-------------+-------+-------+-------+-------+-------+-------+-------+-------+-------+-------+-------+-------+-------+-------+-------+-------+-------+-------+-------+-------+---------+-----------+


*************************** chactNode 696 ****************************
Level: 3
Parent of nodes [1480, 2310]
Child of node 107

The reference game is as follows:
          M13   M11   M47   M27   M28   M26   M20    M3   M32   M21   M43   
white   1.000 0.000 0.000 0.000 0.000 0.000 0.000 0.000 0.000 0.000 0.000  \
flat    1.000 0.000 0.000 0.000 0.000 0.000 1.000 0.000 0.000 0.000 1.000   
fibrous 1.000 1.000 1.000 1.000 1.000 1.000 1.000 0.000 1.000 0.000 1.000   
edible  1.000 1.000 1.000 1.000 1.000 1.000 1.000 1.000 1.000 1.000 1.000   
free    1.000 1.000 1.000 1.000 1.000 1.000 1.000 1.000 1.000 1.000 1.000   
crowded 1.000 1.000 0.000 0.000 1.000 1.000 0.000 1.000 0.000 1.000 1.000   
grasses 1.000 1.000 0.000 0.000 0.000 0.000 0.000 1.000 0.000 0.000 1.000   
brown   0.000 1.000 0.000 0.000 0.000 0.000 1.000 0.000 1.000 0.000 0.000   
convex  0.000 1.000 0.000 0.000 1.000 1.000 0.000 1.000 1.000 1.000 0.000   
gray    0.000 0.000 1.000 1.000 0.000 0.000 0.000 1.000 0.000 0.000 1.000   
sunken  0.000 0.000 1.000 1.000 0.000 0.000 0.000 0.000 0.000 0.000 0.000   
closed  0.000 0.000 1.000 1.000 0.000 0.000 1.000 0.000 1.000 0.000 0.000   
urban   0.000 0.000 1.000 1.000 0.000 0.000 1.000 0.000 1.000 0.000 0.000   
yellow  0.000 0.000 0.000 0.000 1.000 1.000 0.000 0.000 0.000 1.000 0.000   
woods   0.000 0.000 0.000 0.000 1.000 1.000 0.000 0.000 0.000 1.000 0.000   
smooth  0.000 0.000 0.000 0.000 0.000 0.000 0.000 1.000 0.000 1.000 0.000   
prior   0.083 0.083 0.083 0.083 0.083 0.083 0.083 0.083 0.083 0.083 0.083   
alpha   3.000                                                               

          M12 costs  
white   0.000 0.000  
flat    0.000 0.000  
fibrous 1.000 0.000  
edible  1.000 0.000  
free    1.000 0.000  
crowded 0.000 0.000  
grasses 0.000 0.000  
brown   0.000 0.000  
convex  0.000 0.000  
gray    1.000 0.000  
sunken  1.000 0.000  
closed  1.000 0.000  
urban   1.000 0.000  
yellow  0.000 0.000  
woods   0.000 0.000  
smooth  0.000 0.000  
prior   0.083        
alpha                

Speaker:
+-----+---------+--------+-----------+----------+--------+-----------+-----------+---------+----------+--------+----------+----------+---------+----------+---------+----------+
|     |   white |   flat |   fibrous |   edible |   free |   crowded |   grasses |   brown |   convex |   gray |   sunken |   closed |   urban |   yellow |   woods |   smooth |
|-----+---------+--------+-----------+----------+--------+-----------+-----------+---------+----------+--------+----------+----------+---------+----------+---------+----------|
| M13 |   0.945 |  0.035 |     0.001 |    0.001 |  0.001 |     0.003 |     0.015 |   0.000 |    0.000 |  0.000 |    0.000 |    0.000 |   0.000 |    0.000 |   0.000 |    0.000 |
| M11 |   0.000 |  0.000 |     0.016 |    0.009 |  0.009 |     0.047 |     0.251 |   0.594 |    0.074 |  0.000 |    0.000 |    0.000 |   0.000 |    0.000 |   0.000 |    0.000 |
| M47 |   0.000 |  0.000 |     0.016 |    0.009 |  0.009 |     0.000 |     0.000 |   0.000 |    0.000 |  0.127 |    0.586 |    0.127 |   0.127 |    0.000 |   0.000 |    0.000 |
| M27 |   0.000 |  0.000 |     0.016 |    0.009 |  0.009 |     0.000 |     0.000 |   0.000 |    0.000 |  0.127 |    0.586 |    0.127 |   0.127 |    0.000 |   0.000 |    0.000 |
| M28 |   0.000 |  0.000 |     0.012 |    0.007 |  0.007 |     0.035 |     0.000 |   0.000 |    0.055 |  0.000 |    0.000 |    0.000 |   0.000 |    0.442 |   0.442 |    0.000 |
| M26 |   0.000 |  0.000 |     0.012 |    0.007 |  0.007 |     0.035 |     0.000 |   0.000 |    0.055 |  0.000 |    0.000 |    0.000 |   0.000 |    0.442 |   0.442 |    0.000 |
| M20 |   0.000 |  0.402 |     0.011 |    0.006 |  0.006 |     0.000 |     0.000 |   0.402 |    0.000 |  0.000 |    0.000 |    0.087 |   0.087 |    0.000 |   0.000 |    0.000 |
| M3  |   0.000 |  0.000 |     0.000 |    0.004 |  0.004 |     0.019 |     0.099 |   0.000 |    0.029 |  0.051 |    0.000 |    0.000 |   0.000 |    0.000 |   0.000 |    0.795 |
| M32 |   0.000 |  0.000 |     0.017 |    0.010 |  0.010 |     0.000 |     0.000 |   0.619 |    0.077 |  0.000 |    0.000 |    0.134 |   0.134 |    0.000 |   0.000 |    0.000 |
| M21 |   0.000 |  0.000 |     0.000 |    0.003 |  0.003 |     0.014 |     0.000 |   0.000 |    0.022 |  0.000 |    0.000 |    0.000 |   0.000 |    0.178 |   0.178 |    0.602 |
| M43 |   0.000 |  0.563 |     0.015 |    0.009 |  0.009 |     0.044 |     0.238 |   0.000 |    0.000 |  0.122 |    0.000 |    0.000 |   0.000 |    0.000 |   0.000 |    0.000 |
| M12 |   0.000 |  0.000 |     0.016 |    0.009 |  0.009 |     0.000 |     0.000 |   0.000 |    0.000 |  0.127 |    0.586 |    0.127 |   0.127 |    0.000 |   0.000 |    0.000 |
+-----+---------+--------+-----------+----------+--------+-----------+-----------+---------+----------+--------+----------+----------+---------+----------+---------+----------+

Listener:
+-------------+-------+-------+-------+-------+-------+-------+-------+-------+-------+-------+-------+-------+---------+-----------+
|             |   M13 | M11   | M47   | M27   | M28   | M26   | M20   | M3    | M32   | M21   | M43   | M12   | costs   | entropy   |
|-------------+-------+-------+-------+-------+-------+-------+-------+-------+-------+-------+-------+-------+---------+-----------|
| white       | 1.000 | 0.0   | 0.0   | 0.0   | 0.0   | 0.0   | 0.0   | 0.0   | 0.0   | 0.0   | 0.0   | 0.0   | 0.0     | 0.0       |
| flat        | 0.035 | 0.0   | 0.0   | 0.0   | 0.0   | 0.0   | 0.402 | 0.0   | 0.0   | 0.0   | 0.563 | 0.0   | 0.0     | 1.164     |
| fibrous     | 0.007 | 0.122 | 0.121 | 0.121 | 0.091 | 0.091 | 0.083 | 0.0   | 0.128 | 0.0   | 0.116 | 0.121 | 0.0     | 3.193     |
| edible      | 0.007 | 0.113 | 0.111 | 0.111 | 0.084 | 0.084 | 0.076 | 0.045 | 0.117 | 0.034 | 0.107 | 0.111 | 0.0     | 3.417     |
| free        | 0.007 | 0.113 | 0.111 | 0.111 | 0.084 | 0.084 | 0.076 | 0.045 | 0.117 | 0.034 | 0.107 | 0.111 | 0.0     | 3.417     |
| crowded     | 0.014 | 0.238 | 0.0   | 0.0   | 0.178 | 0.178 | 0.0   | 0.095 | 0.0   | 0.072 | 0.226 | 0.0   | 0.0     | 2.544     |
| grasses     | 0.025 | 0.416 | 0.0   | 0.0   | 0.0   | 0.0   | 0.0   | 0.165 | 0.0   | 0.0   | 0.395 | 0.0   | 0.0     | 1.616     |
| brown       | 0.000 | 0.368 | 0.0   | 0.0   | 0.0   | 0.0   | 0.249 | 0.0   | 0.383 | 0.0   | 0.0   | 0.0   | 0.0     | 1.56      |
| convex      | 0.000 | 0.237 | 0.0   | 0.0   | 0.176 | 0.176 | 0.0   | 0.094 | 0.247 | 0.071 | 0.0   | 0.0   | 0.0     | 2.464     |
| gray        | 0.000 | 0.0   | 0.229 | 0.229 | 0.0   | 0.0   | 0.0   | 0.092 | 0.0   | 0.0   | 0.22  | 0.229 | 0.0     | 2.259     |
| sunken      | 0.000 | 0.0   | 0.333 | 0.333 | 0.0   | 0.0   | 0.0   | 0.0   | 0.0   | 0.0   | 0.0   | 0.333 | 0.0     | 1.585     |
| closed      | 0.000 | 0.0   | 0.211 | 0.211 | 0.0   | 0.0   | 0.145 | 0.0   | 0.223 | 0.0   | 0.0   | 0.211 | 0.0     | 2.307     |
| urban       | 0.000 | 0.0   | 0.211 | 0.211 | 0.0   | 0.0   | 0.145 | 0.0   | 0.223 | 0.0   | 0.0   | 0.211 | 0.0     | 2.307     |
| yellow      | 0.000 | 0.0   | 0.0   | 0.0   | 0.416 | 0.416 | 0.0   | 0.0   | 0.0   | 0.168 | 0.0   | 0.0   | 0.0     | 1.485     |
| woods       | 0.000 | 0.0   | 0.0   | 0.0   | 0.416 | 0.416 | 0.0   | 0.0   | 0.0   | 0.168 | 0.0   | 0.0   | 0.0     | 1.485     |
| smooth      | 0.000 | 0.0   | 0.0   | 0.0   | 0.0   | 0.0   | 0.0   | 0.569 | 0.0   | 0.431 | 0.0   | 0.0   | 0.0     | 0.986     |
| prior       | 0.083 | 0.083 | 0.083 | 0.083 | 0.083 | 0.083 | 0.083 | 0.083 | 0.083 | 0.083 | 0.083 | 0.083 |         |           |
| alpha       | 3.000 |       |       |       |       |       |       |       |       |       |       |       |         |           |
| entropy     | 0.045 | 0.26  | 0.253 | 0.253 | 0.238 | 0.238 | 0.225 | 0.188 | 0.258 | 0.188 | 0.251 | 0.253 |         |           |
| entropy_sum | 2.649 |       |       |       |       |       |       |       |       |       |       |       |         |           |
+-------------+-------+-------+-------+-------+-------+-------+-------+-------+-------+-------+-------+-------+---------+-----------+


*************************** chactNode 1155 ***************************
Level: 3
Parent of nodes [503, 792, 640, 2418]
Child of node 282

The reference game is as follows:
            M85   M94   M46   M84   M64   M68   M86   M70   M75   M83   M74   
white     1.000 0.000 0.000 1.000 1.000 1.000 1.000 1.000 1.000 1.000 1.000  \
convex    1.000 1.000 1.000 1.000 1.000 1.000 1.000 1.000 1.000 1.000 1.000   
scaly     1.000 1.000 1.000 1.000 0.000 0.000 1.000 1.000 0.000 1.000 0.000   
poisonous 1.000 1.000 0.000 1.000 1.000 1.000 1.000 1.000 1.000 1.000 1.000   
free      1.000 1.000 1.000 1.000 1.000 1.000 1.000 1.000 1.000 1.000 1.000   
closed    1.000 1.000 1.000 1.000 1.000 1.000 1.000 1.000 1.000 1.000 1.000   
grasses   1.000 1.000 0.000 1.000 0.000 1.000 0.000 0.000 1.000 1.000 0.000   
brown     0.000 1.000 1.000 0.000 0.000 0.000 0.000 0.000 0.000 0.000 0.000   
edible    0.000 0.000 1.000 0.000 0.000 0.000 0.000 0.000 0.000 0.000 0.000   
paths     0.000 0.000 1.000 0.000 0.000 0.000 0.000 0.000 0.000 0.000 0.000   
smooth    0.000 0.000 0.000 0.000 1.000 1.000 0.000 0.000 1.000 0.000 1.000   
urban     0.000 0.000 0.000 0.000 1.000 0.000 1.000 1.000 0.000 0.000 1.000   
flat      0.000 0.000 0.000 0.000 0.000 0.000 0.000 0.000 0.000 0.000 0.000   
prior     0.040 0.040 0.040 0.040 0.040 0.040 0.040 0.040 0.040 0.040 0.040   
alpha     3.000                                                               

            M59   M73   M60   M52   M66   M54   M62   M67   M78   M80   M77   
white     1.000 1.000 1.000 1.000 1.000 1.000 1.000 1.000 1.000 1.000 1.000  \
convex    0.000 1.000 1.000 1.000 1.000 1.000 1.000 1.000 1.000 1.000 1.000   
scaly     0.000 1.000 1.000 1.000 1.000 1.000 1.000 1.000 0.000 1.000 1.000   
poisonous 1.000 1.000 1.000 1.000 1.000 1.000 1.000 1.000 1.000 1.000 1.000   
free      1.000 1.000 1.000 1.000 1.000 1.000 1.000 1.000 1.000 1.000 1.000   
closed    1.000 1.000 1.000 1.000 1.000 1.000 1.000 1.000 1.000 1.000 1.000   
grasses   1.000 1.000 0.000 0.000 1.000 0.000 1.000 0.000 0.000 1.000 0.000   
brown     0.000 0.000 0.000 0.000 0.000 0.000 0.000 0.000 0.000 0.000 0.000   
edible    0.000 0.000 0.000 0.000 0.000 0.000 0.000 0.000 0.000 0.000 0.000   
paths     0.000 0.000 0.000 0.000 0.000 0.000 0.000 0.000 0.000 0.000 0.000   
smooth    1.000 0.000 0.000 0.000 0.000 0.000 0.000 0.000 1.000 0.000 0.000   
urban     0.000 0.000 1.000 1.000 0.000 1.000 0.000 1.000 1.000 0.000 1.000   
flat      1.000 0.000 0.000 0.000 0.000 0.000 0.000 0.000 0.000 0.000 0.000   
prior     0.040 0.040 0.040 0.040 0.040 0.040 0.040 0.040 0.040 0.040 0.040   
alpha                                                                         

            M56   M72   M53 costs  
white     1.000 1.000 1.000 0.000  
convex    1.000 1.000 1.000 0.000  
scaly     1.000 1.000 1.000 0.000  
poisonous 1.000 1.000 1.000 0.000  
free      1.000 1.000 1.000 0.000  
closed    1.000 1.000 1.000 0.000  
grasses   0.000 0.000 1.000 0.000  
brown     0.000 0.000 0.000 0.000  
edible    0.000 0.000 0.000 0.000  
paths     0.000 0.000 0.000 0.000  
smooth    0.000 0.000 0.000 0.000  
urban     1.000 1.000 0.000 0.000  
flat      0.000 0.000 0.000 0.000  
prior     0.040 0.040 0.040        
alpha                              

Speaker:
+-----+---------+----------+---------+-------------+--------+----------+-----------+---------+----------+---------+----------+---------+--------+
|     |   white |   convex |   scaly |   poisonous |   free |   closed |   grasses |   brown |   edible |   paths |   smooth |   urban |   flat |
|-----+---------+----------+---------+-------------+--------+----------+-----------+---------+----------+---------+----------+---------+--------|
| M85 |   0.076 |    0.067 |   0.135 |       0.067 |  0.059 |    0.059 |     0.536 |   0.000 |    0.000 |   0.000 |    0.000 |   0.000 |  0.000 |
| M94 |   0.000 |    0.001 |   0.001 |       0.001 |  0.001 |    0.001 |     0.005 |   0.992 |    0.000 |   0.000 |    0.000 |   0.000 |  0.000 |
| M46 |   0.000 |    0.000 |   0.000 |       0.000 |  0.000 |    0.000 |     0.000 |   0.059 |    0.471 |   0.471 |    0.000 |   0.000 |  0.000 |
| M84 |   0.076 |    0.067 |   0.135 |       0.067 |  0.059 |    0.059 |     0.536 |   0.000 |    0.000 |   0.000 |    0.000 |   0.000 |  0.000 |
| M64 |   0.015 |    0.013 |   0.000 |       0.013 |  0.012 |    0.012 |     0.000 |   0.000 |    0.000 |   0.000 |    0.832 |   0.104 |  0.000 |
| M68 |   0.015 |    0.013 |   0.000 |       0.013 |  0.012 |    0.012 |     0.104 |   0.000 |    0.000 |   0.000 |    0.832 |   0.000 |  0.000 |
| M86 |   0.076 |    0.067 |   0.135 |       0.067 |  0.059 |    0.059 |     0.000 |   0.000 |    0.000 |   0.000 |    0.000 |   0.536 |  0.000 |
| M70 |   0.076 |    0.067 |   0.135 |       0.067 |  0.059 |    0.059 |     0.000 |   0.000 |    0.000 |   0.000 |    0.000 |   0.536 |  0.000 |
| M75 |   0.015 |    0.013 |   0.000 |       0.013 |  0.012 |    0.012 |     0.104 |   0.000 |    0.000 |   0.000 |    0.832 |   0.000 |  0.000 |
| M83 |   0.076 |    0.067 |   0.135 |       0.067 |  0.059 |    0.059 |     0.536 |   0.000 |    0.000 |   0.000 |    0.000 |   0.000 |  0.000 |
| M74 |   0.015 |    0.013 |   0.000 |       0.013 |  0.012 |    0.012 |     0.000 |   0.000 |    0.000 |   0.000 |    0.832 |   0.104 |  0.000 |
| M59 |   0.000 |    0.000 |   0.000 |       0.000 |  0.000 |    0.000 |     0.001 |   0.000 |    0.000 |   0.000 |    0.005 |   0.000 |  0.995 |
| M73 |   0.076 |    0.067 |   0.135 |       0.067 |  0.059 |    0.059 |     0.536 |   0.000 |    0.000 |   0.000 |    0.000 |   0.000 |  0.000 |
| M60 |   0.076 |    0.067 |   0.135 |       0.067 |  0.059 |    0.059 |     0.000 |   0.000 |    0.000 |   0.000 |    0.000 |   0.536 |  0.000 |
| M52 |   0.076 |    0.067 |   0.135 |       0.067 |  0.059 |    0.059 |     0.000 |   0.000 |    0.000 |   0.000 |    0.000 |   0.536 |  0.000 |
| M66 |   0.076 |    0.067 |   0.135 |       0.067 |  0.059 |    0.059 |     0.536 |   0.000 |    0.000 |   0.000 |    0.000 |   0.000 |  0.000 |
| M54 |   0.076 |    0.067 |   0.135 |       0.067 |  0.059 |    0.059 |     0.000 |   0.000 |    0.000 |   0.000 |    0.000 |   0.536 |  0.000 |
| M62 |   0.076 |    0.067 |   0.135 |       0.067 |  0.059 |    0.059 |     0.536 |   0.000 |    0.000 |   0.000 |    0.000 |   0.000 |  0.000 |
| M67 |   0.076 |    0.067 |   0.135 |       0.067 |  0.059 |    0.059 |     0.000 |   0.000 |    0.000 |   0.000 |    0.000 |   0.536 |  0.000 |
| M78 |   0.015 |    0.013 |   0.000 |       0.013 |  0.012 |    0.012 |     0.000 |   0.000 |    0.000 |   0.000 |    0.832 |   0.104 |  0.000 |
| M80 |   0.076 |    0.067 |   0.135 |       0.067 |  0.059 |    0.059 |     0.536 |   0.000 |    0.000 |   0.000 |    0.000 |   0.000 |  0.000 |
| M77 |   0.076 |    0.067 |   0.135 |       0.067 |  0.059 |    0.059 |     0.000 |   0.000 |    0.000 |   0.000 |    0.000 |   0.536 |  0.000 |
| M56 |   0.076 |    0.067 |   0.135 |       0.067 |  0.059 |    0.059 |     0.000 |   0.000 |    0.000 |   0.000 |    0.000 |   0.536 |  0.000 |
| M72 |   0.076 |    0.067 |   0.135 |       0.067 |  0.059 |    0.059 |     0.000 |   0.000 |    0.000 |   0.000 |    0.000 |   0.536 |  0.000 |
| M53 |   0.076 |    0.067 |   0.135 |       0.067 |  0.059 |    0.059 |     0.536 |   0.000 |    0.000 |   0.000 |    0.000 |   0.000 |  0.000 |
+-----+---------+----------+---------+-------------+--------+----------+-----------+---------+----------+---------+----------+---------+--------+

Listener:
+-------------+-------+-------+-------+-------+-------+-------+-------+-------+-------+-------+-------+-------+-------+-------+-------+-------+-------+-------+-------+-------+-------+-------+-------+-------+-------+---------+-----------+
|             |   M85 | M94   | M46   | M84   | M64   | M68   | M86   | M70   | M75   | M83   | M74   | M59   | M73   | M60   | M52   | M66   | M54   | M62   | M67   | M78   | M80   | M77   | M56   | M72   | M53   | costs   | entropy   |
|-------------+-------+-------+-------+-------+-------+-------+-------+-------+-------+-------+-------+-------+-------+-------+-------+-------+-------+-------+-------+-------+-------+-------+-------+-------+-------+---------+-----------|
| white       | 0.056 | 0.0   | 0.0   | 0.056 | 0.011 | 0.011 | 0.056 | 0.056 | 0.011 | 0.056 | 0.011 | 0.0   | 0.056 | 0.056 | 0.056 | 0.056 | 0.056 | 0.056 | 0.056 | 0.011 | 0.056 | 0.056 | 0.056 | 0.056 | 0.056 | 0.0     | 4.296     |
| convex      | 0.056 | 0.0   | 0.0   | 0.056 | 0.011 | 0.011 | 0.056 | 0.056 | 0.011 | 0.056 | 0.011 | 0.0   | 0.056 | 0.056 | 0.056 | 0.056 | 0.056 | 0.056 | 0.056 | 0.011 | 0.056 | 0.056 | 0.056 | 0.056 | 0.056 | 0.0     | 4.299     |
| scaly       | 0.059 | 0.001 | 0.0   | 0.059 | 0.0   | 0.0   | 0.059 | 0.059 | 0.0   | 0.059 | 0.0   | 0.0   | 0.059 | 0.059 | 0.059 | 0.059 | 0.059 | 0.059 | 0.059 | 0.0   | 0.059 | 0.059 | 0.059 | 0.059 | 0.059 | 0.0     | 4.092     |
| poisonous   | 0.056 | 0.0   | 0.0   | 0.056 | 0.011 | 0.011 | 0.056 | 0.056 | 0.011 | 0.056 | 0.011 | 0.0   | 0.056 | 0.056 | 0.056 | 0.056 | 0.056 | 0.056 | 0.056 | 0.011 | 0.056 | 0.056 | 0.056 | 0.056 | 0.056 | 0.0     | 4.3       |
| free        | 0.056 | 0.0   | 0.0   | 0.056 | 0.011 | 0.011 | 0.056 | 0.056 | 0.011 | 0.056 | 0.011 | 0.0   | 0.056 | 0.056 | 0.056 | 0.056 | 0.056 | 0.056 | 0.056 | 0.011 | 0.056 | 0.056 | 0.056 | 0.056 | 0.056 | 0.0     | 4.3       |
| closed      | 0.056 | 0.0   | 0.0   | 0.056 | 0.011 | 0.011 | 0.056 | 0.056 | 0.011 | 0.056 | 0.011 | 0.0   | 0.056 | 0.056 | 0.056 | 0.056 | 0.056 | 0.056 | 0.056 | 0.011 | 0.056 | 0.056 | 0.056 | 0.056 | 0.056 | 0.0     | 4.3       |
| grasses     | 0.119 | 0.001 | 0.0   | 0.119 | 0.0   | 0.023 | 0.0   | 0.0   | 0.023 | 0.119 | 0.0   | 0.0   | 0.119 | 0.0   | 0.0   | 0.119 | 0.0   | 0.119 | 0.0   | 0.0   | 0.119 | 0.0   | 0.0   | 0.0   | 0.119 | 0.0     | 3.188     |
| brown       | 0.000 | 0.944 | 0.056 | 0.0   | 0.0   | 0.0   | 0.0   | 0.0   | 0.0   | 0.0   | 0.0   | 0.0   | 0.0   | 0.0   | 0.0   | 0.0   | 0.0   | 0.0   | 0.0   | 0.0   | 0.0   | 0.0   | 0.0   | 0.0   | 0.0   | 0.0     | 0.311     |
| edible      | 0.000 | 0.0   | 1.0   | 0.0   | 0.0   | 0.0   | 0.0   | 0.0   | 0.0   | 0.0   | 0.0   | 0.0   | 0.0   | 0.0   | 0.0   | 0.0   | 0.0   | 0.0   | 0.0   | 0.0   | 0.0   | 0.0   | 0.0   | 0.0   | 0.0   | 0.0     | 0.0       |
| paths       | 0.000 | 0.0   | 1.0   | 0.0   | 0.0   | 0.0   | 0.0   | 0.0   | 0.0   | 0.0   | 0.0   | 0.0   | 0.0   | 0.0   | 0.0   | 0.0   | 0.0   | 0.0   | 0.0   | 0.0   | 0.0   | 0.0   | 0.0   | 0.0   | 0.0   | 0.0     | 0.0       |
| smooth      | 0.000 | 0.0   | 0.0   | 0.0   | 0.2   | 0.2   | 0.0   | 0.0   | 0.2   | 0.0   | 0.2   | 0.001 | 0.0   | 0.0   | 0.0   | 0.0   | 0.0   | 0.0   | 0.0   | 0.2   | 0.0   | 0.0   | 0.0   | 0.0   | 0.0   | 0.0     | 2.332     |
| urban       | 0.000 | 0.0   | 0.0   | 0.0   | 0.02  | 0.0   | 0.104 | 0.104 | 0.0   | 0.0   | 0.02  | 0.0   | 0.0   | 0.104 | 0.104 | 0.0   | 0.104 | 0.0   | 0.104 | 0.02  | 0.0   | 0.104 | 0.104 | 0.104 | 0.0   | 0.0     | 3.404     |
| flat        | 0.000 | 0.0   | 0.0   | 0.0   | 0.0   | 0.0   | 0.0   | 0.0   | 0.0   | 0.0   | 0.0   | 1.0   | 0.0   | 0.0   | 0.0   | 0.0   | 0.0   | 0.0   | 0.0   | 0.0   | 0.0   | 0.0   | 0.0   | 0.0   | 0.0   | 0.0     | 0.0       |
| prior       | 0.040 | 0.04  | 0.04  | 0.04  | 0.04  | 0.04  | 0.04  | 0.04  | 0.04  | 0.04  | 0.04  | 0.04  | 0.04  | 0.04  | 0.04  | 0.04  | 0.04  | 0.04  | 0.04  | 0.04  | 0.04  | 0.04  | 0.04  | 0.04  | 0.04  |         |           |
| alpha       | 3.000 |       |       |       |       |       |       |       |       |       |       |       |       |       |       |       |       |       |       |       |       |       |       |       |       |         |           |
| entropy     | 0.071 | 0.005 | 0.009 | 0.071 | 0.037 | 0.038 | 0.07  | 0.07  | 0.038 | 0.071 | 0.037 | 0.001 | 0.071 | 0.07  | 0.07  | 0.071 | 0.07  | 0.071 | 0.07  | 0.037 | 0.071 | 0.07  | 0.07  | 0.07  | 0.071 |         |           |
| entropy_sum | 1.393 |       |       |       |       |       |       |       |       |       |       |       |       |       |       |       |       |       |       |       |       |       |       |       |       |         |           |
+-------------+-------+-------+-------+-------+-------+-------+-------+-------+-------+-------+-------+-------+-------+-------+-------+-------+-------+-------+-------+-------+-------+-------+-------+-------+-------+---------+-----------+


*************************** chactNode 1771 ***************************
Level: 3
Parent of nodes [1, 4319]
Child of node 282

The reference game is as follows:
            M88   M65   M76   M61   M96   M81   M63   M58   M93   M87   M90   
brown     1.000 1.000 1.000 1.000 1.000 1.000 1.000 1.000 1.000 1.000 1.000  \
convex    1.000 1.000 1.000 1.000 1.000 0.000 1.000 1.000 1.000 1.000 1.000   
scaly     1.000 1.000 1.000 1.000 1.000 1.000 1.000 1.000 1.000 1.000 1.000   
poisonous 1.000 1.000 1.000 1.000 1.000 1.000 1.000 1.000 1.000 1.000 1.000   
free      1.000 1.000 1.000 1.000 1.000 1.000 1.000 1.000 1.000 1.000 1.000   
closed    1.000 1.000 1.000 1.000 1.000 1.000 1.000 1.000 1.000 1.000 1.000   
urban     1.000 1.000 1.000 1.000 1.000 1.000 1.000 0.000 1.000 1.000 1.000   
flat      0.000 0.000 0.000 0.000 0.000 1.000 0.000 0.000 0.000 0.000 0.000   
grasses   0.000 0.000 0.000 0.000 0.000 0.000 0.000 1.000 0.000 0.000 0.000   
prior     0.077 0.077 0.077 0.077 0.077 0.077 0.077 0.077 0.077 0.077 0.077   
alpha     3.000                                                               

            M89   M69 costs  
brown     1.000 1.000 0.000  
convex    1.000 0.000 0.000  
scaly     1.000 1.000 0.000  
poisonous 1.000 1.000 0.000  
free      1.000 1.000 0.000  
closed    1.000 1.000 0.000  
urban     1.000 0.000 0.000  
flat      0.000 1.000 0.000  
grasses   0.000 1.000 0.000  
prior     0.077 0.077        
alpha                        

Speaker:
+-----+---------+----------+---------+-------------+--------+----------+---------+--------+-----------+
|     |   brown |   convex |   scaly |   poisonous |   free |   closed |   urban |   flat |   grasses |
|-----+---------+----------+---------+-------------+--------+----------+---------+--------+-----------|
| M88 |   0.120 |    0.199 |   0.120 |       0.120 |  0.120 |    0.120 |   0.199 |  0.000 |     0.000 |
| M65 |   0.120 |    0.199 |   0.120 |       0.120 |  0.120 |    0.120 |   0.199 |  0.000 |     0.000 |
| M76 |   0.120 |    0.199 |   0.120 |       0.120 |  0.120 |    0.120 |   0.199 |  0.000 |     0.000 |
| M61 |   0.120 |    0.199 |   0.120 |       0.120 |  0.120 |    0.120 |   0.199 |  0.000 |     0.000 |
| M96 |   0.120 |    0.199 |   0.120 |       0.120 |  0.120 |    0.120 |   0.199 |  0.000 |     0.000 |
| M81 |   0.004 |    0.000 |   0.004 |       0.004 |  0.004 |    0.004 |   0.006 |  0.976 |     0.000 |
| M63 |   0.120 |    0.199 |   0.120 |       0.120 |  0.120 |    0.120 |   0.199 |  0.000 |     0.000 |
| M58 |   0.004 |    0.006 |   0.004 |       0.004 |  0.004 |    0.004 |   0.000 |  0.000 |     0.976 |
| M93 |   0.120 |    0.199 |   0.120 |       0.120 |  0.120 |    0.120 |   0.199 |  0.000 |     0.000 |
| M87 |   0.120 |    0.199 |   0.120 |       0.120 |  0.120 |    0.120 |   0.199 |  0.000 |     0.000 |
| M90 |   0.120 |    0.199 |   0.120 |       0.120 |  0.120 |    0.120 |   0.199 |  0.000 |     0.000 |
| M89 |   0.120 |    0.199 |   0.120 |       0.120 |  0.120 |    0.120 |   0.199 |  0.000 |     0.000 |
| M69 |   0.002 |    0.000 |   0.002 |       0.002 |  0.002 |    0.002 |   0.000 |  0.495 |     0.495 |
+-----+---------+----------+---------+-------------+--------+----------+---------+--------+-----------+

Listener:
+-------------+-------+-------+-------+-------+-------+-------+-------+-------+-------+-------+-------+-------+-------+---------+-----------+
|             |   M88 | M65   | M76   | M61   | M96   | M81   | M63   | M58   | M93   | M87   | M90   | M89   | M69   | costs   | entropy   |
|-------------+-------+-------+-------+-------+-------+-------+-------+-------+-------+-------+-------+-------+-------+---------+-----------|
| brown       | 0.099 | 0.099 | 0.099 | 0.099 | 0.099 | 0.003 | 0.099 | 0.003 | 0.099 | 0.099 | 0.099 | 0.099 | 0.001 | 0.0     | 3.371     |
| convex      | 0.100 | 0.1   | 0.1   | 0.1   | 0.1   | 0.0   | 0.1   | 0.003 | 0.1   | 0.1   | 0.1   | 0.1   | 0.0   | 0.0     | 3.341     |
| scaly       | 0.099 | 0.099 | 0.099 | 0.099 | 0.099 | 0.003 | 0.099 | 0.003 | 0.099 | 0.099 | 0.099 | 0.099 | 0.001 | 0.0     | 3.371     |
| poisonous   | 0.099 | 0.099 | 0.099 | 0.099 | 0.099 | 0.003 | 0.099 | 0.003 | 0.099 | 0.099 | 0.099 | 0.099 | 0.001 | 0.0     | 3.371     |
| free        | 0.099 | 0.099 | 0.099 | 0.099 | 0.099 | 0.003 | 0.099 | 0.003 | 0.099 | 0.099 | 0.099 | 0.099 | 0.001 | 0.0     | 3.371     |
| closed      | 0.099 | 0.099 | 0.099 | 0.099 | 0.099 | 0.003 | 0.099 | 0.003 | 0.099 | 0.099 | 0.099 | 0.099 | 0.001 | 0.0     | 3.371     |
| urban       | 0.100 | 0.1   | 0.1   | 0.1   | 0.1   | 0.003 | 0.1   | 0.0   | 0.1   | 0.1   | 0.1   | 0.1   | 0.0   | 0.0     | 3.341     |
| flat        | 0.000 | 0.0   | 0.0   | 0.0   | 0.0   | 0.663 | 0.0   | 0.0   | 0.0   | 0.0   | 0.0   | 0.0   | 0.337 | 0.0     | 0.922     |
| grasses     | 0.000 | 0.0   | 0.0   | 0.0   | 0.0   | 0.0   | 0.0   | 0.663 | 0.0   | 0.0   | 0.0   | 0.0   | 0.337 | 0.0     | 0.922     |
| prior       | 0.077 | 0.077 | 0.077 | 0.077 | 0.077 | 0.077 | 0.077 | 0.077 | 0.077 | 0.077 | 0.077 | 0.077 | 0.077 |         |           |
| alpha       | 3.000 |       |       |       |       |       |       |       |       |       |       |       |       |         |           |
| entropy     | 0.178 | 0.178 | 0.178 | 0.178 | 0.178 | 0.042 | 0.178 | 0.042 | 0.178 | 0.178 | 0.178 | 0.178 | 0.087 |         |           |
| entropy_sum | 1.952 |       |       |       |       |       |       |       |       |       |       |       |       |         |           |
+-------------+-------+-------+-------+-------+-------+-------+-------+-------+-------+-------+-------+-------+-------+---------+-----------+


*************************** chactNode 2031 ***************************
Level: 3
Parent of nodes [2059, 3223]
Child of node 282

The reference game is as follows:
            M97   M55   M82   M51   M92   M57   M71   M79   M95   M98   M91   
brown     1.000 1.000 1.000 1.000 1.000 1.000 1.000 1.000 1.000 1.000 1.000  \
flat      1.000 0.000 1.000 0.000 0.000 0.000 0.000 0.000 0.000 0.000 0.000   
smooth    1.000 1.000 1.000 1.000 1.000 1.000 1.000 1.000 1.000 1.000 1.000   
poisonous 1.000 1.000 1.000 1.000 1.000 1.000 1.000 1.000 1.000 1.000 1.000   
free      1.000 1.000 1.000 1.000 1.000 1.000 1.000 1.000 1.000 1.000 1.000   
closed    1.000 1.000 1.000 1.000 1.000 1.000 1.000 1.000 1.000 1.000 1.000   
grasses   1.000 1.000 0.000 0.000 0.000 0.000 1.000 1.000 0.000 0.000 0.000   
convex    0.000 1.000 0.000 1.000 1.000 1.000 1.000 1.000 1.000 1.000 1.000   
urban     0.000 0.000 1.000 1.000 1.000 1.000 0.000 0.000 1.000 1.000 1.000   
prior     0.077 0.077 0.077 0.077 0.077 0.077 0.077 0.077 0.077 0.077 0.077   
alpha     3.000                                                               

           M100   M99 costs  
brown     1.000 1.000 0.000  
flat      0.000 0.000 0.000  
smooth    1.000 1.000 0.000  
poisonous 1.000 1.000 0.000  
free      1.000 1.000 0.000  
closed    1.000 1.000 0.000  
grasses   0.000 1.000 0.000  
convex    1.000 1.000 0.000  
urban     1.000 0.000 0.000  
prior     0.077 0.077        
alpha                        

Speaker:
+------+---------+--------+----------+-------------+--------+----------+-----------+----------+---------+
|      |   brown |   flat |   smooth |   poisonous |   free |   closed |   grasses |   convex |   urban |
|------+---------+--------+----------+-------------+--------+----------+-----------+----------+---------|
| M97  |   0.003 |  0.924 |    0.003 |       0.003 |  0.003 |    0.003 |     0.059 |    0.000 |   0.000 |
| M55  |   0.041 |  0.000 |    0.041 |       0.041 |  0.041 |    0.041 |     0.725 |    0.068 |   0.000 |
| M82  |   0.004 |  0.967 |    0.004 |       0.004 |  0.004 |    0.004 |     0.000 |    0.000 |   0.015 |
| M51  |   0.091 |  0.000 |    0.091 |       0.091 |  0.091 |    0.091 |     0.000 |    0.151 |   0.392 |
| M92  |   0.091 |  0.000 |    0.091 |       0.091 |  0.091 |    0.091 |     0.000 |    0.151 |   0.392 |
| M57  |   0.091 |  0.000 |    0.091 |       0.091 |  0.091 |    0.091 |     0.000 |    0.151 |   0.392 |
| M71  |   0.041 |  0.000 |    0.041 |       0.041 |  0.041 |    0.041 |     0.725 |    0.068 |   0.000 |
| M79  |   0.041 |  0.000 |    0.041 |       0.041 |  0.041 |    0.041 |     0.725 |    0.068 |   0.000 |
| M95  |   0.091 |  0.000 |    0.091 |       0.091 |  0.091 |    0.091 |     0.000 |    0.151 |   0.392 |
| M98  |   0.091 |  0.000 |    0.091 |       0.091 |  0.091 |    0.091 |     0.000 |    0.151 |   0.392 |
| M91  |   0.091 |  0.000 |    0.091 |       0.091 |  0.091 |    0.091 |     0.000 |    0.151 |   0.392 |
| M100 |   0.091 |  0.000 |    0.091 |       0.091 |  0.091 |    0.091 |     0.000 |    0.151 |   0.392 |
| M99  |   0.041 |  0.000 |    0.041 |       0.041 |  0.041 |    0.041 |     0.725 |    0.068 |   0.000 |
+------+---------+--------+----------+-------------+--------+----------+-----------+----------+---------+

Listener:
+-------------+-------+-------+-------+-------+-------+-------+-------+-------+-------+-------+-------+--------+-------+---------+-----------+
|             |   M97 | M55   | M82   | M51   | M92   | M57   | M71   | M79   | M95   | M98   | M91   | M100   | M99   | costs   | entropy   |
|-------------+-------+-------+-------+-------+-------+-------+-------+-------+-------+-------+-------+--------+-------+---------+-----------|
| brown       | 0.004 | 0.051 | 0.004 | 0.113 | 0.113 | 0.113 | 0.051 | 0.051 | 0.113 | 0.113 | 0.113 | 0.113  | 0.051 | 0.0     | 3.424     |
| flat        | 0.489 | 0.0   | 0.511 | 0.0   | 0.0   | 0.0   | 0.0   | 0.0   | 0.0   | 0.0   | 0.0   | 0.0    | 0.0   | 0.0     | 1.0       |
| smooth      | 0.004 | 0.051 | 0.004 | 0.113 | 0.113 | 0.113 | 0.051 | 0.051 | 0.113 | 0.113 | 0.113 | 0.113  | 0.051 | 0.0     | 3.424     |
| poisonous   | 0.004 | 0.051 | 0.004 | 0.113 | 0.113 | 0.113 | 0.051 | 0.051 | 0.113 | 0.113 | 0.113 | 0.113  | 0.051 | 0.0     | 3.424     |
| free        | 0.004 | 0.051 | 0.004 | 0.113 | 0.113 | 0.113 | 0.051 | 0.051 | 0.113 | 0.113 | 0.113 | 0.113  | 0.051 | 0.0     | 3.424     |
| closed      | 0.004 | 0.051 | 0.004 | 0.113 | 0.113 | 0.113 | 0.051 | 0.051 | 0.113 | 0.113 | 0.113 | 0.113  | 0.051 | 0.0     | 3.424     |
| grasses     | 0.020 | 0.245 | 0.0   | 0.0   | 0.0   | 0.0   | 0.245 | 0.245 | 0.0   | 0.0   | 0.0   | 0.0    | 0.245 | 0.0     | 2.101     |
| convex      | 0.000 | 0.051 | 0.0   | 0.114 | 0.114 | 0.114 | 0.051 | 0.051 | 0.114 | 0.114 | 0.114 | 0.114  | 0.051 | 0.0     | 3.374     |
| urban       | 0.000 | 0.0   | 0.005 | 0.142 | 0.142 | 0.142 | 0.0   | 0.0   | 0.142 | 0.142 | 0.142 | 0.142  | 0.0   | 0.0     | 2.841     |
| prior       | 0.077 | 0.077 | 0.077 | 0.077 | 0.077 | 0.077 | 0.077 | 0.077 | 0.077 | 0.077 | 0.077 | 0.077  | 0.077 |         |           |
| alpha       | 3.000 |       |       |       |       |       |       |       |       |       |       |        |       |         |           |
| entropy     | 0.060 | 0.139 | 0.054 | 0.195 | 0.195 | 0.195 | 0.139 | 0.139 | 0.195 | 0.195 | 0.195 | 0.195  | 0.139 |         |           |
| entropy_sum | 2.034 |       |       |       |       |       |       |       |       |       |       |        |       |         |           |
+-------------+-------+-------+-------+-------+-------+-------+-------+-------+-------+-------+-------+--------+-------+---------+-----------+
