xinlian@lawn-143-215-53-129 CHAI-cobweb % python3 mushroom_chact.py

The profile of the data is as follows:
cap-color:
-> brown : 0.33
-> yellow : 0.27
-> white : 0.35
-> gray : 0.05
cap-shape:
-> convex : 0.69
-> bell : 0.19
-> flat : 0.09
-> sunken : 0.03
cap-surface:
-> scaly : 0.53
-> smooth : 0.37
-> fibrous : 0.1
classification:
-> poisonous : 0.5
-> edible : 0.5
gill-attachment:
-> free : 1.0
gill-spacing:
-> closed : 0.93
-> crowded : 0.07
habitat:
-> urban : 0.36
-> grasses : 0.33
-> meadows : 0.23
-> paths : 0.05
-> woods : 0.03


START TREE FITTING...
Processing: 100%|███████████████████████████████████████████████████████████████████████████████████| 100/100 [00:00<00:00, 2111.98item/s]
START CHAI ACTIVATING...
Processing: 100%|██████████████████████████████████████████████████████████████████████████████████████| 71/71 [00:00<00:00, 233.96item/s]


Now display the CHAI frameworks of all the nodes.


*************************** chactNode 107 ****************************
Level: 2
Parent of nodes [428, 570, 696]
Child of node 2

The reference game is as follows:
          M30    M8   M25    M2   M10    M4   M45   M23   M15   M29   M13   
yellow  1.000 1.000 1.000 0.000 1.000 1.000 1.000 1.000 1.000 1.000 0.000  \
bell    1.000 0.000 1.000 1.000 1.000 0.000 0.000 0.000 1.000 1.000 0.000   
scaly   1.000 1.000 1.000 0.000 0.000 1.000 0.000 1.000 1.000 0.000 0.000   
edible  1.000 1.000 1.000 1.000 1.000 1.000 1.000 1.000 1.000 1.000 1.000   
free    1.000 1.000 1.000 1.000 1.000 1.000 1.000 1.000 1.000 1.000 1.000   
closed  1.000 1.000 1.000 1.000 1.000 1.000 1.000 1.000 1.000 1.000 0.000   
grasses 1.000 1.000 0.000 0.000 1.000 1.000 1.000 0.000 0.000 0.000 1.000   
convex  0.000 1.000 0.000 0.000 0.000 1.000 1.000 1.000 0.000 0.000 0.000   
meadows 0.000 0.000 1.000 1.000 0.000 0.000 0.000 1.000 1.000 1.000 0.000   
white   0.000 0.000 0.000 1.000 0.000 0.000 0.000 0.000 0.000 0.000 1.000   
smooth  0.000 0.000 0.000 1.000 1.000 0.000 1.000 0.000 0.000 1.000 0.000   
flat    0.000 0.000 0.000 0.000 0.000 0.000 0.000 0.000 0.000 0.000 1.000   
fibrous 0.000 0.000 0.000 0.000 0.000 0.000 0.000 0.000 0.000 0.000 1.000   
crowded 0.000 0.000 0.000 0.000 0.000 0.000 0.000 0.000 0.000 0.000 1.000   
brown   0.000 0.000 0.000 0.000 0.000 0.000 0.000 0.000 0.000 0.000 0.000   
gray    0.000 0.000 0.000 0.000 0.000 0.000 0.000 0.000 0.000 0.000 0.000   
sunken  0.000 0.000 0.000 0.000 0.000 0.000 0.000 0.000 0.000 0.000 0.000   
urban   0.000 0.000 0.000 0.000 0.000 0.000 0.000 0.000 0.000 0.000 0.000   
paths   0.000 0.000 0.000 0.000 0.000 0.000 0.000 0.000 0.000 0.000 0.000   
woods   0.000 0.000 0.000 0.000 0.000 0.000 0.000 0.000 0.000 0.000 0.000   
prior   0.020 0.020 0.020 0.020 0.020 0.020 0.020 0.020 0.020 0.020 0.020   
alpha   2.000                                                               

          M11   M16   M47   M36   M40   M24   M27   M48   M28   M33   M42   
yellow  0.000 0.000 0.000 0.000 0.000 0.000 0.000 1.000 1.000 1.000 1.000  \
bell    0.000 1.000 0.000 0.000 0.000 0.000 0.000 1.000 0.000 0.000 1.000   
scaly   0.000 1.000 0.000 0.000 0.000 1.000 0.000 1.000 0.000 0.000 1.000   
edible  1.000 1.000 1.000 1.000 1.000 1.000 1.000 1.000 1.000 1.000 1.000   
free    1.000 1.000 1.000 1.000 1.000 1.000 1.000 1.000 1.000 1.000 1.000   
closed  0.000 1.000 1.000 1.000 1.000 1.000 1.000 1.000 0.000 1.000 1.000   
grasses 1.000 0.000 0.000 0.000 1.000 0.000 0.000 0.000 0.000 0.000 0.000   
convex  1.000 0.000 0.000 1.000 1.000 1.000 0.000 0.000 1.000 1.000 0.000   
meadows 0.000 1.000 0.000 1.000 0.000 0.000 0.000 1.000 0.000 1.000 1.000   
white   0.000 1.000 0.000 1.000 1.000 0.000 0.000 0.000 0.000 0.000 0.000   
smooth  0.000 0.000 0.000 1.000 1.000 0.000 0.000 0.000 0.000 1.000 0.000   
flat    0.000 0.000 0.000 0.000 0.000 0.000 0.000 0.000 0.000 0.000 0.000   
fibrous 1.000 0.000 1.000 0.000 0.000 0.000 1.000 0.000 1.000 0.000 0.000   
crowded 1.000 0.000 0.000 0.000 0.000 0.000 0.000 0.000 1.000 0.000 0.000   
brown   1.000 0.000 0.000 0.000 0.000 1.000 0.000 0.000 0.000 0.000 0.000   
gray    0.000 0.000 1.000 0.000 0.000 0.000 1.000 0.000 0.000 0.000 0.000   
sunken  0.000 0.000 1.000 0.000 0.000 0.000 1.000 0.000 0.000 0.000 0.000   
urban   0.000 0.000 1.000 0.000 0.000 0.000 1.000 0.000 0.000 0.000 0.000   
paths   0.000 0.000 0.000 0.000 0.000 1.000 0.000 0.000 0.000 0.000 0.000   
woods   0.000 0.000 0.000 0.000 0.000 0.000 0.000 0.000 1.000 0.000 0.000   
prior   0.020 0.020 0.020 0.020 0.020 0.020 0.020 0.020 0.020 0.020 0.020   
alpha                                                                       

          M26   M39   M34   M22   M20   M50   M31   M37   M38    M3   M17   
yellow  1.000 0.000 0.000 1.000 0.000 1.000 1.000 1.000 1.000 0.000 0.000  \
bell    0.000 0.000 0.000 1.000 0.000 1.000 0.000 0.000 0.000 0.000 1.000   
scaly   0.000 1.000 1.000 0.000 0.000 1.000 1.000 1.000 1.000 0.000 0.000   
edible  1.000 1.000 1.000 1.000 1.000 1.000 1.000 1.000 1.000 1.000 1.000   
free    1.000 1.000 1.000 1.000 1.000 1.000 1.000 1.000 1.000 1.000 1.000   
closed  0.000 1.000 1.000 1.000 1.000 1.000 1.000 1.000 1.000 0.000 1.000   
grasses 0.000 1.000 1.000 0.000 0.000 0.000 0.000 0.000 0.000 1.000 0.000   
convex  1.000 1.000 1.000 0.000 0.000 0.000 1.000 1.000 0.000 1.000 0.000   
meadows 0.000 0.000 0.000 1.000 0.000 1.000 0.000 0.000 0.000 0.000 1.000   
white   0.000 0.000 1.000 0.000 0.000 0.000 0.000 0.000 0.000 0.000 1.000   
smooth  0.000 0.000 0.000 1.000 0.000 0.000 0.000 0.000 0.000 1.000 1.000   
flat    0.000 0.000 0.000 0.000 1.000 0.000 0.000 0.000 1.000 0.000 0.000   
fibrous 1.000 0.000 0.000 0.000 1.000 0.000 0.000 0.000 0.000 0.000 0.000   
crowded 1.000 0.000 0.000 0.000 0.000 0.000 0.000 0.000 0.000 1.000 0.000   
brown   0.000 1.000 0.000 0.000 1.000 0.000 0.000 0.000 0.000 0.000 0.000   
gray    0.000 0.000 0.000 0.000 0.000 0.000 0.000 0.000 0.000 1.000 0.000   
sunken  0.000 0.000 0.000 0.000 0.000 0.000 0.000 0.000 0.000 0.000 0.000   
urban   0.000 0.000 0.000 0.000 1.000 0.000 0.000 0.000 0.000 0.000 0.000   
paths   0.000 0.000 0.000 0.000 0.000 0.000 1.000 1.000 1.000 0.000 0.000   
woods   1.000 0.000 0.000 0.000 0.000 0.000 0.000 0.000 0.000 0.000 0.000   
prior   0.020 0.020 0.020 0.020 0.020 0.020 0.020 0.020 0.020 0.020 0.020   
alpha                                                                       

          M19    M6   M41    M9    M1   M32   M18   M21   M44   M43   M49   
yellow  0.000 0.000 0.000 1.000 1.000 0.000 1.000 1.000 0.000 0.000 1.000  \
bell    0.000 1.000 1.000 0.000 0.000 0.000 0.000 0.000 1.000 0.000 1.000   
scaly   1.000 1.000 0.000 1.000 0.000 0.000 1.000 0.000 0.000 0.000 0.000   
edible  1.000 1.000 1.000 1.000 1.000 1.000 1.000 1.000 1.000 1.000 1.000   
free    1.000 1.000 1.000 1.000 1.000 1.000 1.000 1.000 1.000 1.000 1.000   
closed  1.000 1.000 1.000 1.000 1.000 1.000 1.000 0.000 1.000 0.000 1.000   
grasses 0.000 0.000 0.000 0.000 1.000 0.000 0.000 0.000 1.000 1.000 0.000   
convex  1.000 0.000 0.000 1.000 1.000 1.000 1.000 1.000 0.000 0.000 0.000   
meadows 1.000 1.000 1.000 1.000 0.000 0.000 1.000 0.000 0.000 0.000 1.000   
white   1.000 1.000 1.000 0.000 0.000 0.000 0.000 0.000 1.000 0.000 0.000   
smooth  0.000 0.000 1.000 0.000 1.000 0.000 0.000 1.000 1.000 0.000 1.000   
flat    0.000 0.000 0.000 0.000 0.000 0.000 0.000 0.000 0.000 1.000 0.000   
fibrous 0.000 0.000 0.000 0.000 0.000 1.000 0.000 0.000 0.000 1.000 0.000   
crowded 0.000 0.000 0.000 0.000 0.000 0.000 0.000 1.000 0.000 1.000 0.000   
brown   0.000 0.000 0.000 0.000 0.000 1.000 0.000 0.000 0.000 0.000 0.000   
gray    0.000 0.000 0.000 0.000 0.000 0.000 0.000 0.000 0.000 1.000 0.000   
sunken  0.000 0.000 0.000 0.000 0.000 0.000 0.000 0.000 0.000 0.000 0.000   
urban   0.000 0.000 0.000 0.000 0.000 1.000 0.000 0.000 0.000 0.000 0.000   
paths   0.000 0.000 0.000 0.000 0.000 0.000 0.000 0.000 0.000 0.000 0.000   
woods   0.000 0.000 0.000 0.000 0.000 0.000 0.000 1.000 0.000 0.000 0.000   
prior   0.020 0.020 0.020 0.020 0.020 0.020 0.020 0.020 0.020 0.020 0.020   
alpha                                                                       

           M5   M14   M12   M35    M7 costs  
yellow  0.000 1.000 0.000 1.000 1.000 0.000  
bell    1.000 1.000 0.000 0.000 1.000 0.000  
scaly   0.000 0.000 0.000 1.000 0.000 0.000  
edible  1.000 1.000 1.000 1.000 1.000 0.000  
free    1.000 1.000 1.000 1.000 1.000 0.000  
closed  1.000 1.000 1.000 1.000 1.000 0.000  
grasses 0.000 0.000 0.000 0.000 0.000 0.000  
convex  0.000 0.000 0.000 1.000 0.000 0.000  
meadows 1.000 1.000 0.000 1.000 1.000 0.000  
white   1.000 0.000 0.000 0.000 0.000 0.000  
smooth  1.000 1.000 0.000 0.000 1.000 0.000  
flat    0.000 0.000 0.000 0.000 0.000 0.000  
fibrous 0.000 0.000 1.000 0.000 0.000 0.000  
crowded 0.000 0.000 0.000 0.000 0.000 0.000  
brown   0.000 0.000 0.000 0.000 0.000 0.000  
gray    0.000 0.000 1.000 0.000 0.000 0.000  
sunken  0.000 0.000 1.000 0.000 0.000 0.000  
urban   0.000 0.000 1.000 0.000 0.000 0.000  
paths   0.000 0.000 0.000 0.000 0.000 0.000  
woods   0.000 0.000 0.000 0.000 0.000 0.000  
prior   0.020 0.020 0.020 0.020 0.020        
alpha                                        

Speaker:
+-----+----------+--------+---------+----------+--------+----------+-----------+----------+-----------+---------+----------+--------+-----------+-----------+---------+--------+----------+---------+---------+---------+
|     |   yellow |   bell |   scaly |   edible |   free |   closed |   grasses |   convex |   meadows |   white |   smooth |   flat |   fibrous |   crowded |   brown |   gray |   sunken |   urban |   paths |   woods |
|-----+----------+--------+---------+----------+--------+----------+-----------+----------+-----------+---------+----------+--------+-----------+-----------+---------+--------+----------+---------+---------+---------|
| M30 |    0.106 |  0.215 |   0.176 |    0.032 |  0.032 |    0.044 |     0.395 |    0.000 |     0.000 |   0.000 |    0.000 |  0.000 |     0.000 |     0.000 |   0.000 |  0.000 |    0.000 |   0.000 |   0.000 |   0.000 |
| M8  |    0.114 |  0.000 |   0.188 |    0.035 |  0.035 |    0.047 |     0.424 |    0.157 |     0.000 |   0.000 |    0.000 |  0.000 |     0.000 |     0.000 |   0.000 |  0.000 |    0.000 |   0.000 |   0.000 |   0.000 |
| M25 |    0.141 |  0.286 |   0.234 |    0.043 |  0.043 |    0.058 |     0.000 |    0.000 |     0.195 |   0.000 |    0.000 |  0.000 |     0.000 |     0.000 |   0.000 |  0.000 |    0.000 |   0.000 |   0.000 |   0.000 |
| M2  |    0.000 |  0.172 |   0.000 |    0.026 |  0.026 |    0.035 |     0.000 |    0.000 |     0.117 |   0.432 |    0.192 |  0.000 |     0.000 |     0.000 |   0.000 |  0.000 |    0.000 |   0.000 |   0.000 |   0.000 |
| M10 |    0.100 |  0.202 |   0.000 |    0.030 |  0.030 |    0.041 |     0.372 |    0.000 |     0.000 |   0.000 |    0.225 |  0.000 |     0.000 |     0.000 |   0.000 |  0.000 |    0.000 |   0.000 |   0.000 |   0.000 |
| M4  |    0.114 |  0.000 |   0.188 |    0.035 |  0.035 |    0.047 |     0.424 |    0.157 |     0.000 |   0.000 |    0.000 |  0.000 |     0.000 |     0.000 |   0.000 |  0.000 |    0.000 |   0.000 |   0.000 |   0.000 |
| M45 |    0.107 |  0.000 |   0.000 |    0.032 |  0.032 |    0.044 |     0.397 |    0.147 |     0.000 |   0.000 |    0.240 |  0.000 |     0.000 |     0.000 |   0.000 |  0.000 |    0.000 |   0.000 |   0.000 |   0.000 |
| M23 |    0.156 |  0.000 |   0.257 |    0.047 |  0.047 |    0.064 |     0.000 |    0.214 |     0.214 |   0.000 |    0.000 |  0.000 |     0.000 |     0.000 |   0.000 |  0.000 |    0.000 |   0.000 |   0.000 |   0.000 |
| M15 |    0.141 |  0.286 |   0.234 |    0.043 |  0.043 |    0.058 |     0.000 |    0.000 |     0.195 |   0.000 |    0.000 |  0.000 |     0.000 |     0.000 |   0.000 |  0.000 |    0.000 |   0.000 |   0.000 |   0.000 |
| M29 |    0.130 |  0.263 |   0.000 |    0.040 |  0.040 |    0.054 |     0.000 |    0.000 |     0.180 |   0.000 |    0.293 |  0.000 |     0.000 |     0.000 |   0.000 |  0.000 |    0.000 |   0.000 |   0.000 |   0.000 |
| M13 |    0.000 |  0.000 |   0.000 |    0.004 |  0.004 |    0.000 |     0.048 |    0.000 |     0.000 |   0.066 |    0.000 |  0.591 |     0.095 |     0.193 |   0.000 |  0.000 |    0.000 |   0.000 |   0.000 |   0.000 |
| M11 |    0.000 |  0.000 |   0.000 |    0.005 |  0.005 |    0.000 |     0.065 |    0.024 |     0.000 |   0.000 |    0.000 |  0.000 |     0.128 |     0.261 |   0.511 |  0.000 |    0.000 |   0.000 |   0.000 |   0.000 |
| M16 |    0.000 |  0.181 |   0.148 |    0.027 |  0.027 |    0.037 |     0.000 |    0.000 |     0.124 |   0.455 |    0.000 |  0.000 |     0.000 |     0.000 |   0.000 |  0.000 |    0.000 |   0.000 |   0.000 |   0.000 |
| M47 |    0.000 |  0.000 |   0.000 |    0.002 |  0.002 |    0.003 |     0.000 |    0.000 |     0.000 |   0.000 |    0.000 |  0.000 |     0.049 |     0.000 |   0.000 |  0.198 |    0.549 |   0.198 |   0.000 |   0.000 |
| M36 |    0.000 |  0.000 |   0.000 |    0.027 |  0.027 |    0.037 |     0.000 |    0.124 |     0.124 |   0.457 |    0.203 |  0.000 |     0.000 |     0.000 |   0.000 |  0.000 |    0.000 |   0.000 |   0.000 |   0.000 |
| M40 |    0.000 |  0.000 |   0.000 |    0.023 |  0.023 |    0.031 |     0.277 |    0.103 |     0.000 |   0.377 |    0.168 |  0.000 |     0.000 |     0.000 |   0.000 |  0.000 |    0.000 |   0.000 |   0.000 |   0.000 |
| M24 |    0.000 |  0.000 |   0.021 |    0.004 |  0.004 |    0.005 |     0.000 |    0.017 |     0.000 |   0.000 |    0.000 |  0.000 |     0.000 |     0.000 |   0.370 |  0.000 |    0.000 |   0.000 |   0.578 |   0.000 |
| M27 |    0.000 |  0.000 |   0.000 |    0.002 |  0.002 |    0.003 |     0.000 |    0.000 |     0.000 |   0.000 |    0.000 |  0.000 |     0.049 |     0.000 |   0.000 |  0.198 |    0.549 |   0.198 |   0.000 |   0.000 |
| M48 |    0.141 |  0.286 |   0.234 |    0.043 |  0.043 |    0.058 |     0.000 |    0.000 |     0.195 |   0.000 |    0.000 |  0.000 |     0.000 |     0.000 |   0.000 |  0.000 |    0.000 |   0.000 |   0.000 |   0.000 |
| M28 |    0.009 |  0.000 |   0.000 |    0.003 |  0.003 |    0.000 |     0.000 |    0.013 |     0.000 |   0.000 |    0.000 |  0.000 |     0.069 |     0.140 |   0.000 |  0.000 |    0.000 |   0.000 |   0.000 |   0.763 |
| M33 |    0.142 |  0.000 |   0.000 |    0.043 |  0.043 |    0.059 |     0.000 |    0.196 |     0.196 |   0.000 |    0.320 |  0.000 |     0.000 |     0.000 |   0.000 |  0.000 |    0.000 |   0.000 |   0.000 |   0.000 |
| M42 |    0.141 |  0.286 |   0.234 |    0.043 |  0.043 |    0.058 |     0.000 |    0.000 |     0.195 |   0.000 |    0.000 |  0.000 |     0.000 |     0.000 |   0.000 |  0.000 |    0.000 |   0.000 |   0.000 |   0.000 |
| M26 |    0.009 |  0.000 |   0.000 |    0.003 |  0.003 |    0.000 |     0.000 |    0.013 |     0.000 |   0.000 |    0.000 |  0.000 |     0.069 |     0.140 |   0.000 |  0.000 |    0.000 |   0.000 |   0.000 |   0.763 |
| M39 |    0.000 |  0.000 |   0.045 |    0.008 |  0.008 |    0.011 |     0.101 |    0.037 |     0.000 |   0.000 |    0.000 |  0.000 |     0.000 |     0.000 |   0.790 |  0.000 |    0.000 |   0.000 |   0.000 |   0.000 |
| M34 |    0.000 |  0.000 |   0.129 |    0.024 |  0.024 |    0.032 |     0.290 |    0.107 |     0.000 |   0.394 |    0.000 |  0.000 |     0.000 |     0.000 |   0.000 |  0.000 |    0.000 |   0.000 |   0.000 |   0.000 |
| M22 |    0.130 |  0.263 |   0.000 |    0.040 |  0.040 |    0.054 |     0.000 |    0.000 |     0.180 |   0.000 |    0.293 |  0.000 |     0.000 |     0.000 |   0.000 |  0.000 |    0.000 |   0.000 |   0.000 |   0.000 |
| M20 |    0.000 |  0.000 |   0.000 |    0.003 |  0.003 |    0.004 |     0.000 |    0.000 |     0.000 |   0.000 |    0.000 |  0.406 |     0.065 |     0.000 |   0.260 |  0.000 |    0.000 |   0.260 |   0.000 |   0.000 |
| M50 |    0.141 |  0.286 |   0.234 |    0.043 |  0.043 |    0.058 |     0.000 |    0.000 |     0.195 |   0.000 |    0.000 |  0.000 |     0.000 |     0.000 |   0.000 |  0.000 |    0.000 |   0.000 |   0.000 |   0.000 |
| M31 |    0.020 |  0.000 |   0.033 |    0.006 |  0.006 |    0.008 |     0.000 |    0.027 |     0.000 |   0.000 |    0.000 |  0.000 |     0.000 |     0.000 |   0.000 |  0.000 |    0.000 |   0.000 |   0.900 |   0.000 |
| M37 |    0.020 |  0.000 |   0.033 |    0.006 |  0.006 |    0.008 |     0.000 |    0.027 |     0.000 |   0.000 |    0.000 |  0.000 |     0.000 |     0.000 |   0.000 |  0.000 |    0.000 |   0.000 |   0.900 |   0.000 |
| M38 |    0.011 |  0.000 |   0.017 |    0.003 |  0.003 |    0.004 |     0.000 |    0.000 |     0.000 |   0.000 |    0.000 |  0.481 |     0.000 |     0.000 |   0.000 |  0.000 |    0.000 |   0.000 |   0.481 |   0.000 |
| M3  |    0.000 |  0.000 |   0.000 |    0.006 |  0.006 |    0.000 |     0.072 |    0.027 |     0.000 |   0.000 |    0.043 |  0.000 |     0.000 |     0.286 |   0.000 |  0.561 |    0.000 |   0.000 |   0.000 |   0.000 |
| M17 |    0.000 |  0.172 |   0.000 |    0.026 |  0.026 |    0.035 |     0.000 |    0.000 |     0.117 |   0.432 |    0.192 |  0.000 |     0.000 |     0.000 |   0.000 |  0.000 |    0.000 |   0.000 |   0.000 |   0.000 |
| M19 |    0.000 |  0.000 |   0.158 |    0.029 |  0.029 |    0.039 |     0.000 |    0.131 |     0.131 |   0.483 |    0.000 |  0.000 |     0.000 |     0.000 |   0.000 |  0.000 |    0.000 |   0.000 |   0.000 |   0.000 |
| M6  |    0.000 |  0.181 |   0.148 |    0.027 |  0.027 |    0.037 |     0.000 |    0.000 |     0.124 |   0.455 |    0.000 |  0.000 |     0.000 |     0.000 |   0.000 |  0.000 |    0.000 |   0.000 |   0.000 |   0.000 |
| M41 |    0.000 |  0.172 |   0.000 |    0.026 |  0.026 |    0.035 |     0.000 |    0.000 |     0.117 |   0.432 |    0.192 |  0.000 |     0.000 |     0.000 |   0.000 |  0.000 |    0.000 |   0.000 |   0.000 |   0.000 |
| M9  |    0.156 |  0.000 |   0.257 |    0.047 |  0.047 |    0.064 |     0.000 |    0.214 |     0.214 |   0.000 |    0.000 |  0.000 |     0.000 |     0.000 |   0.000 |  0.000 |    0.000 |   0.000 |   0.000 |   0.000 |
| M1  |    0.107 |  0.000 |   0.000 |    0.032 |  0.032 |    0.044 |     0.397 |    0.147 |     0.000 |   0.000 |    0.240 |  0.000 |     0.000 |     0.000 |   0.000 |  0.000 |    0.000 |   0.000 |   0.000 |   0.000 |
| M32 |    0.000 |  0.000 |   0.000 |    0.004 |  0.004 |    0.006 |     0.000 |    0.020 |     0.000 |   0.000 |    0.000 |  0.000 |     0.107 |     0.000 |   0.429 |  0.000 |    0.000 |   0.429 |   0.000 |   0.000 |
| M18 |    0.156 |  0.000 |   0.257 |    0.047 |  0.047 |    0.064 |     0.000 |    0.214 |     0.214 |   0.000 |    0.000 |  0.000 |     0.000 |     0.000 |   0.000 |  0.000 |    0.000 |   0.000 |   0.000 |   0.000 |
| M21 |    0.010 |  0.000 |   0.000 |    0.003 |  0.003 |    0.000 |     0.000 |    0.014 |     0.000 |   0.000 |    0.022 |  0.000 |     0.000 |     0.147 |   0.000 |  0.000 |    0.000 |   0.000 |   0.000 |   0.801 |
| M44 |    0.000 |  0.144 |   0.000 |    0.022 |  0.022 |    0.029 |     0.264 |    0.000 |     0.000 |   0.360 |    0.160 |  0.000 |     0.000 |     0.000 |   0.000 |  0.000 |    0.000 |   0.000 |   0.000 |   0.000 |
| M43 |    0.000 |  0.000 |   0.000 |    0.003 |  0.003 |    0.000 |     0.037 |    0.000 |     0.000 |   0.000 |    0.000 |  0.450 |     0.072 |     0.147 |   0.000 |  0.288 |    0.000 |   0.000 |   0.000 |   0.000 |
| M49 |    0.130 |  0.263 |   0.000 |    0.040 |  0.040 |    0.054 |     0.000 |    0.000 |     0.180 |   0.000 |    0.293 |  0.000 |     0.000 |     0.000 |   0.000 |  0.000 |    0.000 |   0.000 |   0.000 |   0.000 |
| M5  |    0.000 |  0.172 |   0.000 |    0.026 |  0.026 |    0.035 |     0.000 |    0.000 |     0.117 |   0.432 |    0.192 |  0.000 |     0.000 |     0.000 |   0.000 |  0.000 |    0.000 |   0.000 |   0.000 |   0.000 |
| M14 |    0.130 |  0.263 |   0.000 |    0.040 |  0.040 |    0.054 |     0.000 |    0.000 |     0.180 |   0.000 |    0.293 |  0.000 |     0.000 |     0.000 |   0.000 |  0.000 |    0.000 |   0.000 |   0.000 |   0.000 |
| M12 |    0.000 |  0.000 |   0.000 |    0.002 |  0.002 |    0.003 |     0.000 |    0.000 |     0.000 |   0.000 |    0.000 |  0.000 |     0.049 |     0.000 |   0.000 |  0.198 |    0.549 |   0.198 |   0.000 |   0.000 |
| M35 |    0.156 |  0.000 |   0.257 |    0.047 |  0.047 |    0.064 |     0.000 |    0.214 |     0.214 |   0.000 |    0.000 |  0.000 |     0.000 |     0.000 |   0.000 |  0.000 |    0.000 |   0.000 |   0.000 |   0.000 |
| M7  |    0.130 |  0.263 |   0.000 |    0.040 |  0.040 |    0.054 |     0.000 |    0.000 |     0.180 |   0.000 |    0.293 |  0.000 |     0.000 |     0.000 |   0.000 |  0.000 |    0.000 |   0.000 |   0.000 |   0.000 |
+-----+----------+--------+---------+----------+--------+----------+-----------+----------+-----------+---------+----------+--------+-----------+-----------+---------+--------+----------+---------+---------+---------+

Listener:
+-------------+-------+-------+-------+-------+-------+-------+-------+-------+-------+-------+-------+-------+-------+-------+-------+-------+-------+-------+-------+-------+-------+-------+-------+-------+-------+-------+-------+-------+-------+-------+-------+-------+-------+-------+-------+-------+-------+-------+-------+-------+-------+-------+-------+-------+-------+-------+-------+-------+-------+---------+-----------+
|             |   M30 | M8    | M25   | M2    | M10   | M4    | M45   | M23   | M15   | M29   | M13   | M11   | M16   | M47   | M36   | M40   | M24   | M27   | M48   | M28   | M33   | M42   | M26   | M39   | M34   | M22   | M20   | M50   | M31   | M37   | M38   | M3    | M17   | M19   | M6    | M41   | M9    | M1    | M32   | M18   | M21   | M44   | M43   | M49   | M5    | M14   | M12   | M35   | M7    | costs   | entropy   |
|-------------+-------+-------+-------+-------+-------+-------+-------+-------+-------+-------+-------+-------+-------+-------+-------+-------+-------+-------+-------+-------+-------+-------+-------+-------+-------+-------+-------+-------+-------+-------+-------+-------+-------+-------+-------+-------+-------+-------+-------+-------+-------+-------+-------+-------+-------+-------+-------+-------+-------+---------+-----------|
| yellow      | 0.037 | 0.04  | 0.05  | 0.0   | 0.035 | 0.04  | 0.037 | 0.055 | 0.05  | 0.046 | 0.0   | 0.0   | 0.0   | 0.0   | 0.0   | 0.0   | 0.0   | 0.0   | 0.05  | 0.003 | 0.05  | 0.05  | 0.003 | 0.0   | 0.0   | 0.046 | 0.0   | 0.05  | 0.007 | 0.007 | 0.004 | 0.0   | 0.0   | 0.0   | 0.0   | 0.0   | 0.055 | 0.037 | 0.0   | 0.055 | 0.003 | 0.0   | 0.0   | 0.046 | 0.0   | 0.046 | 0.0   | 0.055 | 0.046 | 0.0     | 4.51      |
| bell        | 0.049 | 0.0   | 0.066 | 0.04  | 0.046 | 0.0   | 0.0   | 0.0   | 0.066 | 0.06  | 0.0   | 0.0   | 0.042 | 0.0   | 0.0   | 0.0   | 0.0   | 0.0   | 0.066 | 0.0   | 0.0   | 0.066 | 0.0   | 0.0   | 0.0   | 0.06  | 0.0   | 0.066 | 0.0   | 0.0   | 0.0   | 0.0   | 0.04  | 0.0   | 0.042 | 0.04  | 0.0   | 0.0   | 0.0   | 0.0   | 0.0   | 0.033 | 0.0   | 0.06  | 0.04  | 0.06  | 0.0   | 0.0   | 0.06  | 0.0     | 4.213     |
| scaly       | 0.050 | 0.054 | 0.067 | 0.0   | 0.0   | 0.054 | 0.0   | 0.074 | 0.067 | 0.0   | 0.0   | 0.0   | 0.043 | 0.0   | 0.0   | 0.0   | 0.006 | 0.0   | 0.067 | 0.0   | 0.0   | 0.067 | 0.0   | 0.013 | 0.037 | 0.0   | 0.0   | 0.067 | 0.009 | 0.009 | 0.005 | 0.0   | 0.0   | 0.045 | 0.043 | 0.0   | 0.074 | 0.0   | 0.0   | 0.074 | 0.0   | 0.0   | 0.0   | 0.0   | 0.0   | 0.0   | 0.0   | 0.074 | 0.0   | 0.0     | 4.148     |
| edible      | 0.027 | 0.029 | 0.036 | 0.022 | 0.025 | 0.029 | 0.027 | 0.04  | 0.036 | 0.033 | 0.003 | 0.004 | 0.023 | 0.002 | 0.023 | 0.019 | 0.003 | 0.002 | 0.036 | 0.002 | 0.036 | 0.036 | 0.002 | 0.007 | 0.02  | 0.033 | 0.002 | 0.036 | 0.005 | 0.005 | 0.003 | 0.005 | 0.022 | 0.024 | 0.023 | 0.022 | 0.04  | 0.027 | 0.004 | 0.04  | 0.003 | 0.018 | 0.003 | 0.033 | 0.022 | 0.033 | 0.002 | 0.04  | 0.033 | 0.0     | 5.218     |
| free        | 0.027 | 0.029 | 0.036 | 0.022 | 0.025 | 0.029 | 0.027 | 0.04  | 0.036 | 0.033 | 0.003 | 0.004 | 0.023 | 0.002 | 0.023 | 0.019 | 0.003 | 0.002 | 0.036 | 0.002 | 0.036 | 0.036 | 0.002 | 0.007 | 0.02  | 0.033 | 0.002 | 0.036 | 0.005 | 0.005 | 0.003 | 0.005 | 0.022 | 0.024 | 0.023 | 0.022 | 0.04  | 0.027 | 0.004 | 0.04  | 0.003 | 0.018 | 0.003 | 0.033 | 0.022 | 0.033 | 0.002 | 0.04  | 0.033 | 0.0     | 5.218     |
| closed      | 0.028 | 0.03  | 0.037 | 0.022 | 0.026 | 0.03  | 0.028 | 0.041 | 0.037 | 0.034 | 0.0   | 0.0   | 0.023 | 0.002 | 0.024 | 0.019 | 0.003 | 0.002 | 0.037 | 0.0   | 0.037 | 0.037 | 0.0   | 0.007 | 0.02  | 0.034 | 0.002 | 0.037 | 0.005 | 0.005 | 0.003 | 0.0   | 0.022 | 0.025 | 0.023 | 0.022 | 0.041 | 0.028 | 0.004 | 0.041 | 0.0   | 0.019 | 0.0   | 0.034 | 0.022 | 0.034 | 0.002 | 0.041 | 0.034 | 0.0     | 5.116     |
| grasses     | 0.111 | 0.119 | 0.0   | 0.0   | 0.104 | 0.119 | 0.111 | 0.0   | 0.0   | 0.0   | 0.014 | 0.018 | 0.0   | 0.0   | 0.0   | 0.078 | 0.0   | 0.0   | 0.0   | 0.0   | 0.0   | 0.0   | 0.0   | 0.028 | 0.081 | 0.0   | 0.0   | 0.0   | 0.0   | 0.0   | 0.0   | 0.02  | 0.0   | 0.0   | 0.0   | 0.0   | 0.0   | 0.111 | 0.0   | 0.0   | 0.0   | 0.074 | 0.01  | 0.0   | 0.0   | 0.0   | 0.0   | 0.0   | 0.0   | 0.0     | 3.504     |
| convex      | 0.000 | 0.067 | 0.0   | 0.0   | 0.0   | 0.067 | 0.063 | 0.091 | 0.0   | 0.0   | 0.0   | 0.01  | 0.0   | 0.0   | 0.053 | 0.044 | 0.007 | 0.0   | 0.0   | 0.006 | 0.084 | 0.0   | 0.006 | 0.016 | 0.046 | 0.0   | 0.0   | 0.0   | 0.012 | 0.012 | 0.0   | 0.011 | 0.0   | 0.056 | 0.0   | 0.0   | 0.091 | 0.063 | 0.009 | 0.091 | 0.006 | 0.0   | 0.0   | 0.0   | 0.0   | 0.0   | 0.0   | 0.091 | 0.0   | 0.0     | 4.065     |
| meadows     | 0.000 | 0.0   | 0.05  | 0.03  | 0.0   | 0.0   | 0.0   | 0.055 | 0.05  | 0.046 | 0.0   | 0.0   | 0.032 | 0.0   | 0.032 | 0.0   | 0.0   | 0.0   | 0.05  | 0.0   | 0.05  | 0.05  | 0.0   | 0.0   | 0.0   | 0.046 | 0.0   | 0.05  | 0.0   | 0.0   | 0.0   | 0.0   | 0.03  | 0.034 | 0.032 | 0.03  | 0.055 | 0.0   | 0.0   | 0.055 | 0.0   | 0.0   | 0.0   | 0.046 | 0.03  | 0.046 | 0.0   | 0.055 | 0.046 | 0.0     | 4.488     |
| white       | 0.000 | 0.0   | 0.0   | 0.09  | 0.0   | 0.0   | 0.0   | 0.0   | 0.0   | 0.0   | 0.014 | 0.0   | 0.095 | 0.0   | 0.096 | 0.079 | 0.0   | 0.0   | 0.0   | 0.0   | 0.0   | 0.0   | 0.0   | 0.0   | 0.083 | 0.0   | 0.0   | 0.0   | 0.0   | 0.0   | 0.0   | 0.0   | 0.09  | 0.101 | 0.095 | 0.09  | 0.0   | 0.0   | 0.0   | 0.0   | 0.0   | 0.075 | 0.0   | 0.0   | 0.09  | 0.0   | 0.0   | 0.0   | 0.0   | 0.0     | 3.512     |
| smooth      | 0.000 | 0.0   | 0.0   | 0.05  | 0.058 | 0.0   | 0.062 | 0.0   | 0.0   | 0.076 | 0.0   | 0.0   | 0.0   | 0.0   | 0.053 | 0.043 | 0.0   | 0.0   | 0.0   | 0.0   | 0.083 | 0.0   | 0.0   | 0.0   | 0.0   | 0.076 | 0.0   | 0.0   | 0.0   | 0.0   | 0.0   | 0.011 | 0.05  | 0.0   | 0.0   | 0.05  | 0.0   | 0.062 | 0.0   | 0.0   | 0.006 | 0.041 | 0.0   | 0.076 | 0.05  | 0.076 | 0.0   | 0.0   | 0.076 | 0.0     | 4.038     |
| flat        | 0.000 | 0.0   | 0.0   | 0.0   | 0.0   | 0.0   | 0.0   | 0.0   | 0.0   | 0.0   | 0.306 | 0.0   | 0.0   | 0.0   | 0.0   | 0.0   | 0.0   | 0.0   | 0.0   | 0.0   | 0.0   | 0.0   | 0.0   | 0.0   | 0.0   | 0.0   | 0.211 | 0.0   | 0.0   | 0.0   | 0.249 | 0.0   | 0.0   | 0.0   | 0.0   | 0.0   | 0.0   | 0.0   | 0.0   | 0.0   | 0.0   | 0.0   | 0.234 | 0.0   | 0.0   | 0.0   | 0.0   | 0.0   | 0.0   | 0.0     | 1.986     |
| fibrous     | 0.000 | 0.0   | 0.0   | 0.0   | 0.0   | 0.0   | 0.0   | 0.0   | 0.0   | 0.0   | 0.126 | 0.17  | 0.0   | 0.066 | 0.0   | 0.0   | 0.0   | 0.066 | 0.0   | 0.091 | 0.0   | 0.0   | 0.091 | 0.0   | 0.0   | 0.0   | 0.086 | 0.0   | 0.0   | 0.0   | 0.0   | 0.0   | 0.0   | 0.0   | 0.0   | 0.0   | 0.0   | 0.0   | 0.143 | 0.0   | 0.0   | 0.0   | 0.096 | 0.0   | 0.0   | 0.0   | 0.066 | 0.0   | 0.0   | 0.0     | 3.245     |
| crowded     | 0.000 | 0.0   | 0.0   | 0.0   | 0.0   | 0.0   | 0.0   | 0.0   | 0.0   | 0.0   | 0.147 | 0.198 | 0.0   | 0.0   | 0.0   | 0.0   | 0.0   | 0.0   | 0.0   | 0.107 | 0.0   | 0.0   | 0.107 | 0.0   | 0.0   | 0.0   | 0.0   | 0.0   | 0.0   | 0.0   | 0.0   | 0.218 | 0.0   | 0.0   | 0.0   | 0.0   | 0.0   | 0.0   | 0.0   | 0.0   | 0.112 | 0.0   | 0.112 | 0.0   | 0.0   | 0.0   | 0.0   | 0.0   | 0.0   | 0.0     | 2.744     |
| brown       | 0.000 | 0.0   | 0.0   | 0.0   | 0.0   | 0.0   | 0.0   | 0.0   | 0.0   | 0.0   | 0.0   | 0.217 | 0.0   | 0.0   | 0.0   | 0.0   | 0.157 | 0.0   | 0.0   | 0.0   | 0.0   | 0.0   | 0.0   | 0.335 | 0.0   | 0.0   | 0.11  | 0.0   | 0.0   | 0.0   | 0.0   | 0.0   | 0.0   | 0.0   | 0.0   | 0.0   | 0.0   | 0.0   | 0.182 | 0.0   | 0.0   | 0.0   | 0.0   | 0.0   | 0.0   | 0.0   | 0.0   | 0.0   | 0.0   | 0.0     | 2.223     |
| gray        | 0.000 | 0.0   | 0.0   | 0.0   | 0.0   | 0.0   | 0.0   | 0.0   | 0.0   | 0.0   | 0.0   | 0.0   | 0.0   | 0.137 | 0.0   | 0.0   | 0.0   | 0.137 | 0.0   | 0.0   | 0.0   | 0.0   | 0.0   | 0.0   | 0.0   | 0.0   | 0.0   | 0.0   | 0.0   | 0.0   | 0.0   | 0.389 | 0.0   | 0.0   | 0.0   | 0.0   | 0.0   | 0.0   | 0.0   | 0.0   | 0.0   | 0.0   | 0.2   | 0.0   | 0.0   | 0.0   | 0.137 | 0.0   | 0.0   | 0.0     | 2.173     |
| sunken      | 0.000 | 0.0   | 0.0   | 0.0   | 0.0   | 0.0   | 0.0   | 0.0   | 0.0   | 0.0   | 0.0   | 0.0   | 0.0   | 0.333 | 0.0   | 0.0   | 0.0   | 0.333 | 0.0   | 0.0   | 0.0   | 0.0   | 0.0   | 0.0   | 0.0   | 0.0   | 0.0   | 0.0   | 0.0   | 0.0   | 0.0   | 0.0   | 0.0   | 0.0   | 0.0   | 0.0   | 0.0   | 0.0   | 0.0   | 0.0   | 0.0   | 0.0   | 0.0   | 0.0   | 0.0   | 0.0   | 0.333 | 0.0   | 0.0   | 0.0     | 1.585     |
| urban       | 0.000 | 0.0   | 0.0   | 0.0   | 0.0   | 0.0   | 0.0   | 0.0   | 0.0   | 0.0   | 0.0   | 0.0   | 0.0   | 0.154 | 0.0   | 0.0   | 0.0   | 0.154 | 0.0   | 0.0   | 0.0   | 0.0   | 0.0   | 0.0   | 0.0   | 0.0   | 0.203 | 0.0   | 0.0   | 0.0   | 0.0   | 0.0   | 0.0   | 0.0   | 0.0   | 0.0   | 0.0   | 0.0   | 0.335 | 0.0   | 0.0   | 0.0   | 0.0   | 0.0   | 0.0   | 0.0   | 0.154 | 0.0   | 0.0   | 0.0     | 2.243     |
| paths       | 0.000 | 0.0   | 0.0   | 0.0   | 0.0   | 0.0   | 0.0   | 0.0   | 0.0   | 0.0   | 0.0   | 0.0   | 0.0   | 0.0   | 0.0   | 0.0   | 0.202 | 0.0   | 0.0   | 0.0   | 0.0   | 0.0   | 0.0   | 0.0   | 0.0   | 0.0   | 0.0   | 0.0   | 0.315 | 0.315 | 0.168 | 0.0   | 0.0   | 0.0   | 0.0   | 0.0   | 0.0   | 0.0   | 0.0   | 0.0   | 0.0   | 0.0   | 0.0   | 0.0   | 0.0   | 0.0   | 0.0   | 0.0   | 0.0   | 0.0     | 1.949     |
| woods       | 0.000 | 0.0   | 0.0   | 0.0   | 0.0   | 0.0   | 0.0   | 0.0   | 0.0   | 0.0   | 0.0   | 0.0   | 0.0   | 0.0   | 0.0   | 0.0   | 0.0   | 0.0   | 0.0   | 0.328 | 0.0   | 0.0   | 0.328 | 0.0   | 0.0   | 0.0   | 0.0   | 0.0   | 0.0   | 0.0   | 0.0   | 0.0   | 0.0   | 0.0   | 0.0   | 0.0   | 0.0   | 0.0   | 0.0   | 0.0   | 0.344 | 0.0   | 0.0   | 0.0   | 0.0   | 0.0   | 0.0   | 0.0   | 0.0   | 0.0     | 1.585     |
| prior       | 0.020 | 0.02  | 0.02  | 0.02  | 0.02  | 0.02  | 0.02  | 0.02  | 0.02  | 0.02  | 0.02  | 0.02  | 0.02  | 0.02  | 0.02  | 0.02  | 0.02  | 0.02  | 0.02  | 0.02  | 0.02  | 0.02  | 0.02  | 0.02  | 0.02  | 0.02  | 0.02  | 0.02  | 0.02  | 0.02  | 0.02  | 0.02  | 0.02  | 0.02  | 0.02  | 0.02  | 0.02  | 0.02  | 0.02  | 0.02  | 0.02  | 0.02  | 0.02  | 0.02  | 0.02  | 0.02  | 0.02  | 0.02  | 0.02  |         |           |
| alpha       | 2.000 |       |       |       |       |       |       |       |       |       |       |       |       |       |       |       |       |       |       |       |       |       |       |       |       |       |       |       |       |       |       |       |       |       |       |       |       |       |       |       |       |       |       |       |       |       |       |       |       |         |           |
| entropy     | 0.028 | 0.03  | 0.03  | 0.025 | 0.028 | 0.03  | 0.03  | 0.033 | 0.03  | 0.029 | 0.031 | 0.033 | 0.025 | 0.034 | 0.027 | 0.026 | 0.022 | 0.034 | 0.03  | 0.026 | 0.032 | 0.03  | 0.026 | 0.02  | 0.027 | 0.029 | 0.034 | 0.03  | 0.017 | 0.017 | 0.022 | 0.027 | 0.025 | 0.027 | 0.025 | 0.025 | 0.033 | 0.03  | 0.031 | 0.033 | 0.021 | 0.025 | 0.036 | 0.029 | 0.025 | 0.029 | 0.034 | 0.033 | 0.029 |         |           |
| entropy_sum | 1.383 |       |       |       |       |       |       |       |       |       |       |       |       |       |       |       |       |       |       |       |       |       |       |       |       |       |       |       |       |       |       |       |       |       |       |       |       |       |       |       |       |       |       |       |       |       |       |       |       |         |           |
+-------------+-------+-------+-------+-------+-------+-------+-------+-------+-------+-------+-------+-------+-------+-------+-------+-------+-------+-------+-------+-------+-------+-------+-------+-------+-------+-------+-------+-------+-------+-------+-------+-------+-------+-------+-------+-------+-------+-------+-------+-------+-------+-------+-------+-------+-------+-------+-------+-------+-------+---------+-----------+


*************************** chactNode 282 ****************************
Level: 2
Parent of nodes [1155, 1771, 2031]
Child of node 2

The reference game is as follows:
            M88   M51   M65   M85   M94   M76   M64   M68   M61   M46   M86   
brown     1.000 1.000 1.000 0.000 1.000 1.000 0.000 0.000 1.000 1.000 0.000  \
convex    1.000 1.000 1.000 1.000 1.000 1.000 1.000 1.000 1.000 1.000 1.000   
scaly     1.000 0.000 1.000 1.000 1.000 1.000 0.000 0.000 1.000 1.000 1.000   
poisonous 1.000 1.000 1.000 1.000 1.000 1.000 1.000 1.000 1.000 0.000 1.000   
free      1.000 1.000 1.000 1.000 1.000 1.000 1.000 1.000 1.000 1.000 1.000   
closed    1.000 1.000 1.000 1.000 1.000 1.000 1.000 1.000 1.000 1.000 1.000   
urban     1.000 1.000 1.000 0.000 0.000 1.000 1.000 0.000 1.000 0.000 1.000   
smooth    0.000 1.000 0.000 0.000 0.000 0.000 1.000 1.000 0.000 0.000 0.000   
white     0.000 0.000 0.000 1.000 0.000 0.000 1.000 1.000 0.000 0.000 1.000   
grasses   0.000 0.000 0.000 1.000 1.000 0.000 0.000 1.000 0.000 0.000 0.000   
edible    0.000 0.000 0.000 0.000 0.000 0.000 0.000 0.000 0.000 1.000 0.000   
paths     0.000 0.000 0.000 0.000 0.000 0.000 0.000 0.000 0.000 1.000 0.000   
flat      0.000 0.000 0.000 0.000 0.000 0.000 0.000 0.000 0.000 0.000 0.000   
prior     0.020 0.020 0.020 0.020 0.020 0.020 0.020 0.020 0.020 0.020 0.020   
alpha     2.000                                                               

            M97   M70   M75   M55   M92   M84   M83   M82   M57   M96   M74   
brown     1.000 0.000 0.000 1.000 1.000 0.000 0.000 1.000 1.000 1.000 0.000  \
convex    0.000 1.000 1.000 1.000 1.000 1.000 1.000 0.000 1.000 1.000 1.000   
scaly     0.000 1.000 0.000 0.000 0.000 1.000 1.000 0.000 0.000 1.000 0.000   
poisonous 1.000 1.000 1.000 1.000 1.000 1.000 1.000 1.000 1.000 1.000 1.000   
free      1.000 1.000 1.000 1.000 1.000 1.000 1.000 1.000 1.000 1.000 1.000   
closed    1.000 1.000 1.000 1.000 1.000 1.000 1.000 1.000 1.000 1.000 1.000   
urban     0.000 1.000 0.000 0.000 1.000 0.000 0.000 1.000 1.000 1.000 1.000   
smooth    1.000 0.000 1.000 1.000 1.000 0.000 0.000 1.000 1.000 0.000 1.000   
white     0.000 1.000 1.000 0.000 0.000 1.000 1.000 0.000 0.000 0.000 1.000   
grasses   1.000 0.000 1.000 1.000 0.000 1.000 1.000 0.000 0.000 0.000 0.000   
edible    0.000 0.000 0.000 0.000 0.000 0.000 0.000 0.000 0.000 0.000 0.000   
paths     0.000 0.000 0.000 0.000 0.000 0.000 0.000 0.000 0.000 0.000 0.000   
flat      1.000 0.000 0.000 0.000 0.000 0.000 0.000 1.000 0.000 0.000 0.000   
prior     0.020 0.020 0.020 0.020 0.020 0.020 0.020 0.020 0.020 0.020 0.020   
alpha                                                                         

            M81   M63   M59   M73   M71   M60   M52   M66   M54   M62   M67   
brown     1.000 1.000 0.000 0.000 1.000 0.000 0.000 0.000 0.000 0.000 0.000  \
convex    0.000 1.000 0.000 1.000 1.000 1.000 1.000 1.000 1.000 1.000 1.000   
scaly     1.000 1.000 0.000 1.000 0.000 1.000 1.000 1.000 1.000 1.000 1.000   
poisonous 1.000 1.000 1.000 1.000 1.000 1.000 1.000 1.000 1.000 1.000 1.000   
free      1.000 1.000 1.000 1.000 1.000 1.000 1.000 1.000 1.000 1.000 1.000   
closed    1.000 1.000 1.000 1.000 1.000 1.000 1.000 1.000 1.000 1.000 1.000   
urban     1.000 1.000 0.000 0.000 0.000 1.000 1.000 0.000 1.000 0.000 1.000   
smooth    0.000 0.000 1.000 0.000 1.000 0.000 0.000 0.000 0.000 0.000 0.000   
white     0.000 0.000 1.000 1.000 0.000 1.000 1.000 1.000 1.000 1.000 1.000   
grasses   0.000 0.000 1.000 1.000 1.000 0.000 0.000 1.000 0.000 1.000 0.000   
edible    0.000 0.000 0.000 0.000 0.000 0.000 0.000 0.000 0.000 0.000 0.000   
paths     0.000 0.000 0.000 0.000 0.000 0.000 0.000 0.000 0.000 0.000 0.000   
flat      1.000 0.000 1.000 0.000 0.000 0.000 0.000 0.000 0.000 0.000 0.000   
prior     0.020 0.020 0.020 0.020 0.020 0.020 0.020 0.020 0.020 0.020 0.020   
alpha                                                                         

            M79   M78   M95   M58   M80   M93   M77   M98   M56   M87   M90   
brown     1.000 0.000 1.000 1.000 0.000 1.000 0.000 1.000 0.000 1.000 1.000  \
convex    1.000 1.000 1.000 1.000 1.000 1.000 1.000 1.000 1.000 1.000 1.000   
scaly     0.000 0.000 0.000 1.000 1.000 1.000 1.000 0.000 1.000 1.000 1.000   
poisonous 1.000 1.000 1.000 1.000 1.000 1.000 1.000 1.000 1.000 1.000 1.000   
free      1.000 1.000 1.000 1.000 1.000 1.000 1.000 1.000 1.000 1.000 1.000   
closed    1.000 1.000 1.000 1.000 1.000 1.000 1.000 1.000 1.000 1.000 1.000   
urban     0.000 1.000 1.000 0.000 0.000 1.000 1.000 1.000 1.000 1.000 1.000   
smooth    1.000 1.000 1.000 0.000 0.000 0.000 0.000 1.000 0.000 0.000 0.000   
white     0.000 1.000 0.000 0.000 1.000 0.000 1.000 0.000 1.000 0.000 0.000   
grasses   1.000 0.000 0.000 1.000 1.000 0.000 0.000 0.000 0.000 0.000 0.000   
edible    0.000 0.000 0.000 0.000 0.000 0.000 0.000 0.000 0.000 0.000 0.000   
paths     0.000 0.000 0.000 0.000 0.000 0.000 0.000 0.000 0.000 0.000 0.000   
flat      0.000 0.000 0.000 0.000 0.000 0.000 0.000 0.000 0.000 0.000 0.000   
prior     0.020 0.020 0.020 0.020 0.020 0.020 0.020 0.020 0.020 0.020 0.020   
alpha                                                                         

            M91   M89  M100   M72   M69   M99   M53 costs  
brown     1.000 1.000 1.000 0.000 1.000 1.000 0.000 0.000  
convex    1.000 1.000 1.000 1.000 0.000 1.000 1.000 0.000  
scaly     0.000 1.000 0.000 1.000 1.000 0.000 1.000 0.000  
poisonous 1.000 1.000 1.000 1.000 1.000 1.000 1.000 0.000  
free      1.000 1.000 1.000 1.000 1.000 1.000 1.000 0.000  
closed    1.000 1.000 1.000 1.000 1.000 1.000 1.000 0.000  
urban     1.000 1.000 1.000 1.000 0.000 0.000 0.000 0.000  
smooth    1.000 0.000 1.000 0.000 0.000 1.000 0.000 0.000  
white     0.000 0.000 0.000 1.000 0.000 0.000 1.000 0.000  
grasses   0.000 0.000 0.000 0.000 1.000 1.000 1.000 0.000  
edible    0.000 0.000 0.000 0.000 0.000 0.000 0.000 0.000  
paths     0.000 0.000 0.000 0.000 0.000 0.000 0.000 0.000  
flat      0.000 0.000 0.000 0.000 1.000 0.000 0.000 0.000  
prior     0.020 0.020 0.020 0.020 0.020 0.020 0.020        
alpha                                                      

Speaker:
+------+---------+----------+---------+-------------+--------+----------+---------+----------+---------+-----------+----------+---------+--------+
|      |   brown |   convex |   scaly |   poisonous |   free |   closed |   urban |   smooth |   white |   grasses |   edible |   paths |   flat |
|------+---------+----------+---------+-------------+--------+----------+---------+----------+---------+-----------+----------+---------+--------|
| M88  |   0.259 |    0.096 |   0.198 |       0.081 |  0.078 |    0.078 |   0.211 |    0.000 |   0.000 |     0.000 |    0.000 |   0.000 |  0.000 |
| M51  |   0.190 |    0.070 |   0.000 |       0.059 |  0.057 |    0.057 |   0.155 |    0.412 |   0.000 |     0.000 |    0.000 |   0.000 |  0.000 |
| M65  |   0.259 |    0.096 |   0.198 |       0.081 |  0.078 |    0.078 |   0.211 |    0.000 |   0.000 |     0.000 |    0.000 |   0.000 |  0.000 |
| M85  |   0.000 |    0.065 |   0.134 |       0.055 |  0.053 |    0.053 |   0.000 |    0.000 |   0.260 |     0.381 |    0.000 |   0.000 |  0.000 |
| M94  |   0.191 |    0.071 |   0.147 |       0.060 |  0.058 |    0.058 |   0.000 |    0.000 |   0.000 |     0.416 |    0.000 |   0.000 |  0.000 |
| M76  |   0.259 |    0.096 |   0.198 |       0.081 |  0.078 |    0.078 |   0.211 |    0.000 |   0.000 |     0.000 |    0.000 |   0.000 |  0.000 |
| M64  |   0.000 |    0.064 |   0.000 |       0.054 |  0.052 |    0.052 |   0.142 |    0.377 |   0.257 |     0.000 |    0.000 |   0.000 |  0.000 |
| M68  |   0.000 |    0.052 |   0.000 |       0.044 |  0.042 |    0.042 |   0.000 |    0.305 |   0.208 |     0.305 |    0.000 |   0.000 |  0.000 |
| M61  |   0.259 |    0.096 |   0.198 |       0.081 |  0.078 |    0.078 |   0.211 |    0.000 |   0.000 |     0.000 |    0.000 |   0.000 |  0.000 |
| M46  |   0.001 |    0.000 |   0.000 |       0.000 |  0.000 |    0.000 |   0.000 |    0.000 |   0.000 |     0.000 |    0.499 |   0.499 |  0.000 |
| M86  |   0.000 |    0.085 |   0.176 |       0.072 |  0.069 |    0.069 |   0.188 |    0.000 |   0.341 |     0.000 |    0.000 |   0.000 |  0.000 |
| M97  |   0.027 |    0.000 |   0.000 |       0.008 |  0.008 |    0.008 |   0.000 |    0.058 |   0.000 |     0.058 |    0.000 |   0.000 |  0.834 |
| M70  |   0.000 |    0.085 |   0.176 |       0.072 |  0.069 |    0.069 |   0.188 |    0.000 |   0.341 |     0.000 |    0.000 |   0.000 |  0.000 |
| M75  |   0.000 |    0.052 |   0.000 |       0.044 |  0.042 |    0.042 |   0.000 |    0.305 |   0.208 |     0.305 |    0.000 |   0.000 |  0.000 |
| M55  |   0.151 |    0.056 |   0.000 |       0.047 |  0.045 |    0.045 |   0.000 |    0.328 |   0.000 |     0.328 |    0.000 |   0.000 |  0.000 |
| M92  |   0.190 |    0.070 |   0.000 |       0.059 |  0.057 |    0.057 |   0.155 |    0.412 |   0.000 |     0.000 |    0.000 |   0.000 |  0.000 |
| M84  |   0.000 |    0.065 |   0.134 |       0.055 |  0.053 |    0.053 |   0.000 |    0.000 |   0.260 |     0.381 |    0.000 |   0.000 |  0.000 |
| M83  |   0.000 |    0.065 |   0.134 |       0.055 |  0.053 |    0.053 |   0.000 |    0.000 |   0.260 |     0.381 |    0.000 |   0.000 |  0.000 |
| M82  |   0.028 |    0.000 |   0.000 |       0.009 |  0.008 |    0.008 |   0.022 |    0.060 |   0.000 |     0.000 |    0.000 |   0.000 |  0.865 |
| M57  |   0.190 |    0.070 |   0.000 |       0.059 |  0.057 |    0.057 |   0.155 |    0.412 |   0.000 |     0.000 |    0.000 |   0.000 |  0.000 |
| M96  |   0.259 |    0.096 |   0.198 |       0.081 |  0.078 |    0.078 |   0.211 |    0.000 |   0.000 |     0.000 |    0.000 |   0.000 |  0.000 |
| M74  |   0.000 |    0.064 |   0.000 |       0.054 |  0.052 |    0.052 |   0.142 |    0.377 |   0.257 |     0.000 |    0.000 |   0.000 |  0.000 |
| M81  |   0.029 |    0.000 |   0.022 |       0.009 |  0.009 |    0.009 |   0.023 |    0.000 |   0.000 |     0.000 |    0.000 |   0.000 |  0.900 |
| M63  |   0.259 |    0.096 |   0.198 |       0.081 |  0.078 |    0.078 |   0.211 |    0.000 |   0.000 |     0.000 |    0.000 |   0.000 |  0.000 |
| M59  |   0.000 |    0.000 |   0.000 |       0.008 |  0.008 |    0.008 |   0.000 |    0.057 |   0.039 |     0.057 |    0.000 |   0.000 |  0.823 |
| M73  |   0.000 |    0.065 |   0.134 |       0.055 |  0.053 |    0.053 |   0.000 |    0.000 |   0.260 |     0.381 |    0.000 |   0.000 |  0.000 |
| M71  |   0.151 |    0.056 |   0.000 |       0.047 |  0.045 |    0.045 |   0.000 |    0.328 |   0.000 |     0.328 |    0.000 |   0.000 |  0.000 |
| M60  |   0.000 |    0.085 |   0.176 |       0.072 |  0.069 |    0.069 |   0.188 |    0.000 |   0.341 |     0.000 |    0.000 |   0.000 |  0.000 |
| M52  |   0.000 |    0.085 |   0.176 |       0.072 |  0.069 |    0.069 |   0.188 |    0.000 |   0.341 |     0.000 |    0.000 |   0.000 |  0.000 |
| M66  |   0.000 |    0.065 |   0.134 |       0.055 |  0.053 |    0.053 |   0.000 |    0.000 |   0.260 |     0.381 |    0.000 |   0.000 |  0.000 |
| M54  |   0.000 |    0.085 |   0.176 |       0.072 |  0.069 |    0.069 |   0.188 |    0.000 |   0.341 |     0.000 |    0.000 |   0.000 |  0.000 |
| M62  |   0.000 |    0.065 |   0.134 |       0.055 |  0.053 |    0.053 |   0.000 |    0.000 |   0.260 |     0.381 |    0.000 |   0.000 |  0.000 |
| M67  |   0.000 |    0.085 |   0.176 |       0.072 |  0.069 |    0.069 |   0.188 |    0.000 |   0.341 |     0.000 |    0.000 |   0.000 |  0.000 |
| M79  |   0.151 |    0.056 |   0.000 |       0.047 |  0.045 |    0.045 |   0.000 |    0.328 |   0.000 |     0.328 |    0.000 |   0.000 |  0.000 |
| M78  |   0.000 |    0.064 |   0.000 |       0.054 |  0.052 |    0.052 |   0.142 |    0.377 |   0.257 |     0.000 |    0.000 |   0.000 |  0.000 |
| M95  |   0.190 |    0.070 |   0.000 |       0.059 |  0.057 |    0.057 |   0.155 |    0.412 |   0.000 |     0.000 |    0.000 |   0.000 |  0.000 |
| M58  |   0.191 |    0.071 |   0.147 |       0.060 |  0.058 |    0.058 |   0.000 |    0.000 |   0.000 |     0.416 |    0.000 |   0.000 |  0.000 |
| M80  |   0.000 |    0.065 |   0.134 |       0.055 |  0.053 |    0.053 |   0.000 |    0.000 |   0.260 |     0.381 |    0.000 |   0.000 |  0.000 |
| M93  |   0.259 |    0.096 |   0.198 |       0.081 |  0.078 |    0.078 |   0.211 |    0.000 |   0.000 |     0.000 |    0.000 |   0.000 |  0.000 |
| M77  |   0.000 |    0.085 |   0.176 |       0.072 |  0.069 |    0.069 |   0.188 |    0.000 |   0.341 |     0.000 |    0.000 |   0.000 |  0.000 |
| M98  |   0.190 |    0.070 |   0.000 |       0.059 |  0.057 |    0.057 |   0.155 |    0.412 |   0.000 |     0.000 |    0.000 |   0.000 |  0.000 |
| M56  |   0.000 |    0.085 |   0.176 |       0.072 |  0.069 |    0.069 |   0.188 |    0.000 |   0.341 |     0.000 |    0.000 |   0.000 |  0.000 |
| M87  |   0.259 |    0.096 |   0.198 |       0.081 |  0.078 |    0.078 |   0.211 |    0.000 |   0.000 |     0.000 |    0.000 |   0.000 |  0.000 |
| M90  |   0.259 |    0.096 |   0.198 |       0.081 |  0.078 |    0.078 |   0.211 |    0.000 |   0.000 |     0.000 |    0.000 |   0.000 |  0.000 |
| M91  |   0.190 |    0.070 |   0.000 |       0.059 |  0.057 |    0.057 |   0.155 |    0.412 |   0.000 |     0.000 |    0.000 |   0.000 |  0.000 |
| M89  |   0.259 |    0.096 |   0.198 |       0.081 |  0.078 |    0.078 |   0.211 |    0.000 |   0.000 |     0.000 |    0.000 |   0.000 |  0.000 |
| M100 |   0.190 |    0.070 |   0.000 |       0.059 |  0.057 |    0.057 |   0.155 |    0.412 |   0.000 |     0.000 |    0.000 |   0.000 |  0.000 |
| M72  |   0.000 |    0.085 |   0.176 |       0.072 |  0.069 |    0.069 |   0.188 |    0.000 |   0.341 |     0.000 |    0.000 |   0.000 |  0.000 |
| M69  |   0.028 |    0.000 |   0.021 |       0.009 |  0.008 |    0.008 |   0.000 |    0.000 |   0.000 |     0.060 |    0.000 |   0.000 |  0.866 |
| M99  |   0.151 |    0.056 |   0.000 |       0.047 |  0.045 |    0.045 |   0.000 |    0.328 |   0.000 |     0.328 |    0.000 |   0.000 |  0.000 |
| M53  |   0.000 |    0.065 |   0.134 |       0.055 |  0.053 |    0.053 |   0.000 |    0.000 |   0.260 |     0.381 |    0.000 |   0.000 |  0.000 |
+------+---------+----------+---------+-------------+--------+----------+---------+----------+---------+-----------+----------+---------+--------+

Listener:
+-------------+-------+-------+-------+-------+-------+-------+-------+-------+-------+-------+-------+-------+-------+-------+-------+-------+-------+-------+-------+-------+-------+-------+-------+-------+-------+-------+-------+-------+-------+-------+-------+-------+-------+-------+-------+-------+-------+-------+-------+-------+-------+-------+-------+-------+-------+-------+--------+-------+-------+-------+-------+---------+-----------+
|             |   M88 | M51   | M65   | M85   | M94   | M76   | M64   | M68   | M61   | M46   | M86   | M97   | M70   | M75   | M55   | M92   | M84   | M83   | M82   | M57   | M96   | M74   | M81   | M63   | M59   | M73   | M71   | M60   | M52   | M66   | M54   | M62   | M67   | M79   | M78   | M95   | M58   | M80   | M93   | M77   | M98   | M56   | M87   | M90   | M91   | M89   | M100   | M72   | M69   | M99   | M53   | costs   | entropy   |
|-------------+-------+-------+-------+-------+-------+-------+-------+-------+-------+-------+-------+-------+-------+-------+-------+-------+-------+-------+-------+-------+-------+-------+-------+-------+-------+-------+-------+-------+-------+-------+-------+-------+-------+-------+-------+-------+-------+-------+-------+-------+-------+-------+-------+-------+-------+-------+--------+-------+-------+-------+-------+---------+-----------|
| brown       | 0.052 | 0.038 | 0.052 | 0.0   | 0.038 | 0.052 | 0.0   | 0.0   | 0.052 | 0.0   | 0.0   | 0.005 | 0.0   | 0.0   | 0.03  | 0.038 | 0.0   | 0.0   | 0.006 | 0.038 | 0.052 | 0.0   | 0.006 | 0.052 | 0.0   | 0.0   | 0.03  | 0.0   | 0.0   | 0.0   | 0.0   | 0.0   | 0.0   | 0.03  | 0.0   | 0.038 | 0.038 | 0.0   | 0.052 | 0.0   | 0.038 | 0.0   | 0.052 | 0.052 | 0.038 | 0.052 | 0.038  | 0.0   | 0.006 | 0.03  | 0.0   | 0.0     | 4.594     |
| convex      | 0.028 | 0.021 | 0.028 | 0.019 | 0.021 | 0.028 | 0.019 | 0.015 | 0.028 | 0.0   | 0.025 | 0.0   | 0.025 | 0.015 | 0.016 | 0.021 | 0.019 | 0.019 | 0.0   | 0.021 | 0.028 | 0.019 | 0.0   | 0.028 | 0.0   | 0.019 | 0.016 | 0.025 | 0.025 | 0.019 | 0.025 | 0.019 | 0.025 | 0.016 | 0.019 | 0.021 | 0.021 | 0.019 | 0.028 | 0.025 | 0.021 | 0.025 | 0.028 | 0.028 | 0.021 | 0.028 | 0.021  | 0.025 | 0.0   | 0.016 | 0.019 | 0.0     | 5.467     |
| scaly       | 0.040 | 0.0   | 0.04  | 0.027 | 0.029 | 0.04  | 0.0   | 0.0   | 0.04  | 0.0   | 0.035 | 0.0   | 0.035 | 0.0   | 0.0   | 0.0   | 0.027 | 0.027 | 0.0   | 0.0   | 0.04  | 0.0   | 0.004 | 0.04  | 0.0   | 0.027 | 0.0   | 0.035 | 0.035 | 0.027 | 0.035 | 0.027 | 0.035 | 0.0   | 0.0   | 0.0   | 0.029 | 0.027 | 0.04  | 0.035 | 0.0   | 0.035 | 0.04  | 0.04  | 0.0   | 0.04  | 0.0    | 0.035 | 0.004 | 0.0   | 0.027 | 0.0     | 4.88      |
| poisonous   | 0.028 | 0.02  | 0.028 | 0.019 | 0.021 | 0.028 | 0.019 | 0.015 | 0.028 | 0.0   | 0.025 | 0.003 | 0.025 | 0.015 | 0.016 | 0.02  | 0.019 | 0.019 | 0.003 | 0.02  | 0.028 | 0.019 | 0.003 | 0.028 | 0.003 | 0.019 | 0.016 | 0.025 | 0.025 | 0.019 | 0.025 | 0.019 | 0.025 | 0.016 | 0.019 | 0.02  | 0.021 | 0.019 | 0.028 | 0.025 | 0.02  | 0.025 | 0.028 | 0.028 | 0.02  | 0.028 | 0.02   | 0.025 | 0.003 | 0.016 | 0.019 | 0.0     | 5.531     |
| free        | 0.028 | 0.02  | 0.028 | 0.019 | 0.021 | 0.028 | 0.019 | 0.015 | 0.028 | 0.0   | 0.025 | 0.003 | 0.025 | 0.015 | 0.016 | 0.02  | 0.019 | 0.019 | 0.003 | 0.02  | 0.028 | 0.019 | 0.003 | 0.028 | 0.003 | 0.019 | 0.016 | 0.025 | 0.025 | 0.019 | 0.025 | 0.019 | 0.025 | 0.016 | 0.019 | 0.02  | 0.021 | 0.019 | 0.028 | 0.025 | 0.02  | 0.025 | 0.028 | 0.028 | 0.02  | 0.028 | 0.02   | 0.025 | 0.003 | 0.016 | 0.019 | 0.0     | 5.531     |
| closed      | 0.028 | 0.02  | 0.028 | 0.019 | 0.021 | 0.028 | 0.019 | 0.015 | 0.028 | 0.0   | 0.025 | 0.003 | 0.025 | 0.015 | 0.016 | 0.02  | 0.019 | 0.019 | 0.003 | 0.02  | 0.028 | 0.019 | 0.003 | 0.028 | 0.003 | 0.019 | 0.016 | 0.025 | 0.025 | 0.019 | 0.025 | 0.019 | 0.025 | 0.016 | 0.019 | 0.02  | 0.021 | 0.019 | 0.028 | 0.025 | 0.02  | 0.025 | 0.028 | 0.028 | 0.02  | 0.028 | 0.02   | 0.025 | 0.003 | 0.016 | 0.019 | 0.0     | 5.531     |
| urban       | 0.039 | 0.029 | 0.039 | 0.0   | 0.0   | 0.039 | 0.026 | 0.0   | 0.039 | 0.0   | 0.035 | 0.0   | 0.035 | 0.0   | 0.0   | 0.029 | 0.0   | 0.0   | 0.004 | 0.029 | 0.039 | 0.026 | 0.004 | 0.039 | 0.0   | 0.0   | 0.0   | 0.035 | 0.035 | 0.0   | 0.035 | 0.0   | 0.035 | 0.0   | 0.026 | 0.029 | 0.0   | 0.0   | 0.039 | 0.035 | 0.029 | 0.035 | 0.039 | 0.039 | 0.029 | 0.039 | 0.029  | 0.035 | 0.0   | 0.0   | 0.0   | 0.0     | 4.882     |
| smooth      | 0.000 | 0.067 | 0.0   | 0.0   | 0.0   | 0.0   | 0.062 | 0.05  | 0.0   | 0.0   | 0.0   | 0.009 | 0.0   | 0.05  | 0.054 | 0.067 | 0.0   | 0.0   | 0.01  | 0.067 | 0.0   | 0.062 | 0.0   | 0.0   | 0.009 | 0.0   | 0.054 | 0.0   | 0.0   | 0.0   | 0.0   | 0.0   | 0.0   | 0.054 | 0.062 | 0.067 | 0.0   | 0.0   | 0.0   | 0.0   | 0.067 | 0.0   | 0.0   | 0.0   | 0.067 | 0.0   | 0.067  | 0.0   | 0.0   | 0.054 | 0.0   | 0.0     | 4.109     |
| white       | 0.000 | 0.0   | 0.0   | 0.041 | 0.0   | 0.0   | 0.04  | 0.033 | 0.0   | 0.0   | 0.053 | 0.0   | 0.053 | 0.033 | 0.0   | 0.0   | 0.041 | 0.041 | 0.0   | 0.0   | 0.0   | 0.04  | 0.0   | 0.0   | 0.006 | 0.041 | 0.0   | 0.053 | 0.053 | 0.041 | 0.053 | 0.041 | 0.053 | 0.0   | 0.04  | 0.0   | 0.0   | 0.041 | 0.0   | 0.053 | 0.0   | 0.053 | 0.0   | 0.0   | 0.0   | 0.0   | 0.0    | 0.053 | 0.0   | 0.0   | 0.041 | 0.0     | 4.467     |
| grasses     | 0.000 | 0.0   | 0.0   | 0.064 | 0.07  | 0.0   | 0.0   | 0.051 | 0.0   | 0.0   | 0.0   | 0.01  | 0.0   | 0.051 | 0.055 | 0.0   | 0.064 | 0.064 | 0.0   | 0.0   | 0.0   | 0.0   | 0.0   | 0.0   | 0.01  | 0.064 | 0.055 | 0.0   | 0.0   | 0.064 | 0.0   | 0.064 | 0.0   | 0.055 | 0.0   | 0.0   | 0.07  | 0.064 | 0.0   | 0.0   | 0.0   | 0.0   | 0.0   | 0.0   | 0.0   | 0.0   | 0.0    | 0.0   | 0.01  | 0.055 | 0.064 | 0.0     | 4.113     |
| edible      | 0.000 | 0.0   | 0.0   | 0.0   | 0.0   | 0.0   | 0.0   | 0.0   | 0.0   | 1.0   | 0.0   | 0.0   | 0.0   | 0.0   | 0.0   | 0.0   | 0.0   | 0.0   | 0.0   | 0.0   | 0.0   | 0.0   | 0.0   | 0.0   | 0.0   | 0.0   | 0.0   | 0.0   | 0.0   | 0.0   | 0.0   | 0.0   | 0.0   | 0.0   | 0.0   | 0.0   | 0.0   | 0.0   | 0.0   | 0.0   | 0.0   | 0.0   | 0.0   | 0.0   | 0.0   | 0.0   | 0.0    | 0.0   | 0.0   | 0.0   | 0.0   | 0.0     | 0.0       |
| paths       | 0.000 | 0.0   | 0.0   | 0.0   | 0.0   | 0.0   | 0.0   | 0.0   | 0.0   | 1.0   | 0.0   | 0.0   | 0.0   | 0.0   | 0.0   | 0.0   | 0.0   | 0.0   | 0.0   | 0.0   | 0.0   | 0.0   | 0.0   | 0.0   | 0.0   | 0.0   | 0.0   | 0.0   | 0.0   | 0.0   | 0.0   | 0.0   | 0.0   | 0.0   | 0.0   | 0.0   | 0.0   | 0.0   | 0.0   | 0.0   | 0.0   | 0.0   | 0.0   | 0.0   | 0.0   | 0.0   | 0.0    | 0.0   | 0.0   | 0.0   | 0.0   | 0.0     | 0.0       |
| flat        | 0.000 | 0.0   | 0.0   | 0.0   | 0.0   | 0.0   | 0.0   | 0.0   | 0.0   | 0.0   | 0.0   | 0.194 | 0.0   | 0.0   | 0.0   | 0.0   | 0.0   | 0.0   | 0.202 | 0.0   | 0.0   | 0.0   | 0.21  | 0.0   | 0.192 | 0.0   | 0.0   | 0.0   | 0.0   | 0.0   | 0.0   | 0.0   | 0.0   | 0.0   | 0.0   | 0.0   | 0.0   | 0.0   | 0.0   | 0.0   | 0.0   | 0.0   | 0.0   | 0.0   | 0.0   | 0.0   | 0.0    | 0.0   | 0.202 | 0.0   | 0.0   | 0.0     | 2.321     |
| prior       | 0.020 | 0.02  | 0.02  | 0.02  | 0.02  | 0.02  | 0.02  | 0.02  | 0.02  | 0.02  | 0.02  | 0.02  | 0.02  | 0.02  | 0.02  | 0.02  | 0.02  | 0.02  | 0.02  | 0.02  | 0.02  | 0.02  | 0.02  | 0.02  | 0.02  | 0.02  | 0.02  | 0.02  | 0.02  | 0.02  | 0.02  | 0.02  | 0.02  | 0.02  | 0.02  | 0.02  | 0.02  | 0.02  | 0.02  | 0.02  | 0.02  | 0.02  | 0.02  | 0.02  | 0.02  | 0.02  | 0.02   | 0.02  | 0.02  | 0.02  | 0.02  |         |           |
| alpha       | 2.000 |       |       |       |       |       |       |       |       |       |       |       |       |       |       |       |       |       |       |       |       |       |       |       |       |       |       |       |       |       |       |       |       |       |       |       |       |       |       |       |       |       |       |       |       |       |        |       |       |       |       |         |           |
| entropy     | 0.023 | 0.021 | 0.023 | 0.02  | 0.021 | 0.023 | 0.02  | 0.019 | 0.023 | 0.0   | 0.021 | 0.014 | 0.021 | 0.019 | 0.02  | 0.021 | 0.02  | 0.02  | 0.013 | 0.021 | 0.023 | 0.02  | 0.013 | 0.023 | 0.014 | 0.02  | 0.02  | 0.021 | 0.021 | 0.02  | 0.021 | 0.02  | 0.021 | 0.02  | 0.02  | 0.021 | 0.021 | 0.02  | 0.023 | 0.021 | 0.021 | 0.021 | 0.023 | 0.023 | 0.021 | 0.023 | 0.021  | 0.021 | 0.013 | 0.02  | 0.02  |         |           |
| entropy_sum | 1.008 |       |       |       |       |       |       |       |       |       |       |       |       |       |       |       |       |       |       |       |       |       |       |       |       |       |       |       |       |       |       |       |       |       |       |       |       |       |       |       |       |       |       |       |       |       |        |       |       |       |       |         |           |
+-------------+-------+-------+-------+-------+-------+-------+-------+-------+-------+-------+-------+-------+-------+-------+-------+-------+-------+-------+-------+-------+-------+-------+-------+-------+-------+-------+-------+-------+-------+-------+-------+-------+-------+-------+-------+-------+-------+-------+-------+-------+-------+-------+-------+-------+-------+-------+--------+-------+-------+-------+-------+---------+-----------+