xinlian@lawn-143-215-53-129 CHAI-cobweb % python3 mushroom_chact.py

The profile of the data is as follows:
cap-color:
-> brown : 0.33
-> yellow : 0.27
-> white : 0.35
-> gray : 0.05
cap-shape:
-> convex : 0.69
-> bell : 0.19
-> flat : 0.09
-> sunken : 0.03
cap-surface:
-> scaly : 0.53
-> smooth : 0.37
-> fibrous : 0.1
classification:
-> poisonous : 0.5
-> edible : 0.5
gill-attachment:
-> free : 1.0
gill-spacing:
-> closed : 0.93
-> crowded : 0.07
habitat:
-> urban : 0.36
-> grasses : 0.33
-> meadows : 0.23
-> paths : 0.05
-> woods : 0.03


START TREE FITTING...
Processing: 100%|███████████████████████████████████████████████████████████████████████████████████| 100/100 [00:00<00:00, 1873.44item/s]
START CHAI ACTIVATING...
Processing: 100%|██████████████████████████████████████████████████████████████████████████████████████| 71/71 [00:00<00:00, 234.07item/s]


Now display the CHAI frameworks of all the nodes.


**************************** chactNode 2 *****************************
Level: 1
Parent of nodes [107, 282]

The reference game is as follows:
            M88   M30   M64   M51   M85   M94    M8   M68   M65   M76   M25   
brown     1.000 0.000 0.000 1.000 0.000 1.000 0.000 0.000 1.000 1.000 0.000  \
convex    1.000 0.000 1.000 1.000 1.000 1.000 1.000 1.000 1.000 1.000 0.000   
scaly     1.000 1.000 0.000 0.000 1.000 1.000 1.000 0.000 1.000 1.000 1.000   
poisonous 1.000 0.000 1.000 1.000 1.000 1.000 0.000 1.000 1.000 1.000 0.000   
free      1.000 1.000 1.000 1.000 1.000 1.000 1.000 1.000 1.000 1.000 1.000   
closed    1.000 1.000 1.000 1.000 1.000 1.000 1.000 1.000 1.000 1.000 1.000   
urban     1.000 0.000 1.000 1.000 0.000 0.000 0.000 0.000 1.000 1.000 0.000   
yellow    0.000 1.000 0.000 0.000 0.000 0.000 1.000 0.000 0.000 0.000 1.000   
bell      0.000 1.000 0.000 0.000 0.000 0.000 0.000 0.000 0.000 0.000 1.000   
edible    0.000 1.000 0.000 0.000 0.000 0.000 1.000 0.000 0.000 0.000 1.000   
grasses   0.000 1.000 0.000 0.000 1.000 1.000 1.000 1.000 0.000 0.000 0.000   
white     0.000 0.000 1.000 0.000 1.000 0.000 0.000 1.000 0.000 0.000 0.000   
smooth    0.000 0.000 1.000 1.000 0.000 0.000 0.000 1.000 0.000 0.000 0.000   
meadows   0.000 0.000 0.000 0.000 0.000 0.000 0.000 0.000 0.000 0.000 1.000   
paths     0.000 0.000 0.000 0.000 0.000 0.000 0.000 0.000 0.000 0.000 0.000   
flat      0.000 0.000 0.000 0.000 0.000 0.000 0.000 0.000 0.000 0.000 0.000   
fibrous   0.000 0.000 0.000 0.000 0.000 0.000 0.000 0.000 0.000 0.000 0.000   
crowded   0.000 0.000 0.000 0.000 0.000 0.000 0.000 0.000 0.000 0.000 0.000   
gray      0.000 0.000 0.000 0.000 0.000 0.000 0.000 0.000 0.000 0.000 0.000   
sunken    0.000 0.000 0.000 0.000 0.000 0.000 0.000 0.000 0.000 0.000 0.000   
woods     0.000 0.000 0.000 0.000 0.000 0.000 0.000 0.000 0.000 0.000 0.000   
prior     0.010 0.010 0.010 0.010 0.010 0.010 0.010 0.010 0.010 0.010 0.010   
alpha     1.000                                                               

            M61    M2   M10    M4   M45   M23   M46   M15   M29   M13   M86   
brown     1.000 0.000 0.000 0.000 0.000 0.000 1.000 0.000 0.000 0.000 0.000  \
convex    1.000 0.000 0.000 1.000 1.000 1.000 1.000 0.000 0.000 0.000 1.000   
scaly     1.000 0.000 0.000 1.000 0.000 1.000 1.000 1.000 0.000 0.000 1.000   
poisonous 1.000 0.000 0.000 0.000 0.000 0.000 0.000 0.000 0.000 0.000 1.000   
free      1.000 1.000 1.000 1.000 1.000 1.000 1.000 1.000 1.000 1.000 1.000   
closed    1.000 1.000 1.000 1.000 1.000 1.000 1.000 1.000 1.000 0.000 1.000   
urban     1.000 0.000 0.000 0.000 0.000 0.000 0.000 0.000 0.000 0.000 1.000   
yellow    0.000 0.000 1.000 1.000 1.000 1.000 0.000 1.000 1.000 0.000 0.000   
bell      0.000 1.000 1.000 0.000 0.000 0.000 0.000 1.000 1.000 0.000 0.000   
edible    0.000 1.000 1.000 1.000 1.000 1.000 1.000 1.000 1.000 1.000 0.000   
grasses   0.000 0.000 1.000 1.000 1.000 0.000 0.000 0.000 0.000 1.000 0.000   
white     0.000 1.000 0.000 0.000 0.000 0.000 0.000 0.000 0.000 1.000 1.000   
smooth    0.000 1.000 1.000 0.000 1.000 0.000 0.000 0.000 1.000 0.000 0.000   
meadows   0.000 1.000 0.000 0.000 0.000 1.000 0.000 1.000 1.000 0.000 0.000   
paths     0.000 0.000 0.000 0.000 0.000 0.000 1.000 0.000 0.000 0.000 0.000   
flat      0.000 0.000 0.000 0.000 0.000 0.000 0.000 0.000 0.000 1.000 0.000   
fibrous   0.000 0.000 0.000 0.000 0.000 0.000 0.000 0.000 0.000 1.000 0.000   
crowded   0.000 0.000 0.000 0.000 0.000 0.000 0.000 0.000 0.000 1.000 0.000   
gray      0.000 0.000 0.000 0.000 0.000 0.000 0.000 0.000 0.000 0.000 0.000   
sunken    0.000 0.000 0.000 0.000 0.000 0.000 0.000 0.000 0.000 0.000 0.000   
woods     0.000 0.000 0.000 0.000 0.000 0.000 0.000 0.000 0.000 0.000 0.000   
prior     0.010 0.010 0.010 0.010 0.010 0.010 0.010 0.010 0.010 0.010 0.010   
alpha                                                                         

            M97   M11   M70   M75   M55   M16   M47   M36   M40   M92   M84   
brown     1.000 1.000 0.000 0.000 1.000 0.000 0.000 0.000 0.000 1.000 0.000  \
convex    0.000 1.000 1.000 1.000 1.000 0.000 0.000 1.000 1.000 1.000 1.000   
scaly     0.000 0.000 1.000 0.000 0.000 1.000 0.000 0.000 0.000 0.000 1.000   
poisonous 1.000 0.000 1.000 1.000 1.000 0.000 0.000 0.000 0.000 1.000 1.000   
free      1.000 1.000 1.000 1.000 1.000 1.000 1.000 1.000 1.000 1.000 1.000   
closed    1.000 0.000 1.000 1.000 1.000 1.000 1.000 1.000 1.000 1.000 1.000   
urban     0.000 0.000 1.000 0.000 0.000 0.000 1.000 0.000 0.000 1.000 0.000   
yellow    0.000 0.000 0.000 0.000 0.000 0.000 0.000 0.000 0.000 0.000 0.000   
bell      0.000 0.000 0.000 0.000 0.000 1.000 0.000 0.000 0.000 0.000 0.000   
edible    0.000 1.000 0.000 0.000 0.000 1.000 1.000 1.000 1.000 0.000 0.000   
grasses   1.000 1.000 0.000 1.000 1.000 0.000 0.000 0.000 1.000 0.000 1.000   
white     0.000 0.000 1.000 1.000 0.000 1.000 0.000 1.000 1.000 0.000 1.000   
smooth    1.000 0.000 0.000 1.000 1.000 0.000 0.000 1.000 1.000 1.000 0.000   
meadows   0.000 0.000 0.000 0.000 0.000 1.000 0.000 1.000 0.000 0.000 0.000   
paths     0.000 0.000 0.000 0.000 0.000 0.000 0.000 0.000 0.000 0.000 0.000   
flat      1.000 0.000 0.000 0.000 0.000 0.000 0.000 0.000 0.000 0.000 0.000   
fibrous   0.000 1.000 0.000 0.000 0.000 0.000 1.000 0.000 0.000 0.000 0.000   
crowded   0.000 1.000 0.000 0.000 0.000 0.000 0.000 0.000 0.000 0.000 0.000   
gray      0.000 0.000 0.000 0.000 0.000 0.000 1.000 0.000 0.000 0.000 0.000   
sunken    0.000 0.000 0.000 0.000 0.000 0.000 1.000 0.000 0.000 0.000 0.000   
woods     0.000 0.000 0.000 0.000 0.000 0.000 0.000 0.000 0.000 0.000 0.000   
prior     0.010 0.010 0.010 0.010 0.010 0.010 0.010 0.010 0.010 0.010 0.010   
alpha                                                                         

            M83   M24   M27   M48   M82   M57   M96   M28   M33   M42   M26   
brown     0.000 1.000 0.000 0.000 1.000 1.000 1.000 0.000 0.000 0.000 0.000  \
convex    1.000 1.000 0.000 0.000 0.000 1.000 1.000 1.000 1.000 0.000 1.000   
scaly     1.000 1.000 0.000 1.000 0.000 0.000 1.000 0.000 0.000 1.000 0.000   
poisonous 1.000 0.000 0.000 0.000 1.000 1.000 1.000 0.000 0.000 0.000 0.000   
free      1.000 1.000 1.000 1.000 1.000 1.000 1.000 1.000 1.000 1.000 1.000   
closed    1.000 1.000 1.000 1.000 1.000 1.000 1.000 0.000 1.000 1.000 0.000   
urban     0.000 0.000 1.000 0.000 1.000 1.000 1.000 0.000 0.000 0.000 0.000   
yellow    0.000 0.000 0.000 1.000 0.000 0.000 0.000 1.000 1.000 1.000 1.000   
bell      0.000 0.000 0.000 1.000 0.000 0.000 0.000 0.000 0.000 1.000 0.000   
edible    0.000 1.000 1.000 1.000 0.000 0.000 0.000 1.000 1.000 1.000 1.000   
grasses   1.000 0.000 0.000 0.000 0.000 0.000 0.000 0.000 0.000 0.000 0.000   
white     1.000 0.000 0.000 0.000 0.000 0.000 0.000 0.000 0.000 0.000 0.000   
smooth    0.000 0.000 0.000 0.000 1.000 1.000 0.000 0.000 1.000 0.000 0.000   
meadows   0.000 0.000 0.000 1.000 0.000 0.000 0.000 0.000 1.000 1.000 0.000   
paths     0.000 1.000 0.000 0.000 0.000 0.000 0.000 0.000 0.000 0.000 0.000   
flat      0.000 0.000 0.000 0.000 1.000 0.000 0.000 0.000 0.000 0.000 0.000   
fibrous   0.000 0.000 1.000 0.000 0.000 0.000 0.000 1.000 0.000 0.000 1.000   
crowded   0.000 0.000 0.000 0.000 0.000 0.000 0.000 1.000 0.000 0.000 1.000   
gray      0.000 0.000 1.000 0.000 0.000 0.000 0.000 0.000 0.000 0.000 0.000   
sunken    0.000 0.000 1.000 0.000 0.000 0.000 0.000 0.000 0.000 0.000 0.000   
woods     0.000 0.000 0.000 0.000 0.000 0.000 0.000 1.000 0.000 0.000 1.000   
prior     0.010 0.010 0.010 0.010 0.010 0.010 0.010 0.010 0.010 0.010 0.010   
alpha                                                                         

            M74   M81   M63   M59   M73   M39   M71   M60   M52   M34   M22   
brown     0.000 1.000 1.000 0.000 0.000 1.000 1.000 0.000 0.000 0.000 0.000  \
convex    1.000 0.000 1.000 0.000 1.000 1.000 1.000 1.000 1.000 1.000 0.000   
scaly     0.000 1.000 1.000 0.000 1.000 1.000 0.000 1.000 1.000 1.000 0.000   
poisonous 1.000 1.000 1.000 1.000 1.000 0.000 1.000 1.000 1.000 0.000 0.000   
free      1.000 1.000 1.000 1.000 1.000 1.000 1.000 1.000 1.000 1.000 1.000   
closed    1.000 1.000 1.000 1.000 1.000 1.000 1.000 1.000 1.000 1.000 1.000   
urban     1.000 1.000 1.000 0.000 0.000 0.000 0.000 1.000 1.000 0.000 0.000   
yellow    0.000 0.000 0.000 0.000 0.000 0.000 0.000 0.000 0.000 0.000 1.000   
bell      0.000 0.000 0.000 0.000 0.000 0.000 0.000 0.000 0.000 0.000 1.000   
edible    0.000 0.000 0.000 0.000 0.000 1.000 0.000 0.000 0.000 1.000 1.000   
grasses   0.000 0.000 0.000 1.000 1.000 1.000 1.000 0.000 0.000 1.000 0.000   
white     1.000 0.000 0.000 1.000 1.000 0.000 0.000 1.000 1.000 1.000 0.000   
smooth    1.000 0.000 0.000 1.000 0.000 0.000 1.000 0.000 0.000 0.000 1.000   
meadows   0.000 0.000 0.000 0.000 0.000 0.000 0.000 0.000 0.000 0.000 1.000   
paths     0.000 0.000 0.000 0.000 0.000 0.000 0.000 0.000 0.000 0.000 0.000   
flat      0.000 1.000 0.000 1.000 0.000 0.000 0.000 0.000 0.000 0.000 0.000   
fibrous   0.000 0.000 0.000 0.000 0.000 0.000 0.000 0.000 0.000 0.000 0.000   
crowded   0.000 0.000 0.000 0.000 0.000 0.000 0.000 0.000 0.000 0.000 0.000   
gray      0.000 0.000 0.000 0.000 0.000 0.000 0.000 0.000 0.000 0.000 0.000   
sunken    0.000 0.000 0.000 0.000 0.000 0.000 0.000 0.000 0.000 0.000 0.000   
woods     0.000 0.000 0.000 0.000 0.000 0.000 0.000 0.000 0.000 0.000 0.000   
prior     0.010 0.010 0.010 0.010 0.010 0.010 0.010 0.010 0.010 0.010 0.010   
alpha                                                                         

            M20   M50   M66   M54   M62   M67   M31   M37   M79   M38    M3   
brown     1.000 0.000 0.000 0.000 0.000 0.000 0.000 0.000 1.000 0.000 0.000  \
convex    0.000 0.000 1.000 1.000 1.000 1.000 1.000 1.000 1.000 0.000 1.000   
scaly     0.000 1.000 1.000 1.000 1.000 1.000 1.000 1.000 0.000 1.000 0.000   
poisonous 0.000 0.000 1.000 1.000 1.000 1.000 0.000 0.000 1.000 0.000 0.000   
free      1.000 1.000 1.000 1.000 1.000 1.000 1.000 1.000 1.000 1.000 1.000   
closed    1.000 1.000 1.000 1.000 1.000 1.000 1.000 1.000 1.000 1.000 0.000   
urban     1.000 0.000 0.000 1.000 0.000 1.000 0.000 0.000 0.000 0.000 0.000   
yellow    0.000 1.000 0.000 0.000 0.000 0.000 1.000 1.000 0.000 1.000 0.000   
bell      0.000 1.000 0.000 0.000 0.000 0.000 0.000 0.000 0.000 0.000 0.000   
edible    1.000 1.000 0.000 0.000 0.000 0.000 1.000 1.000 0.000 1.000 1.000   
grasses   0.000 0.000 1.000 0.000 1.000 0.000 0.000 0.000 1.000 0.000 1.000   
white     0.000 0.000 1.000 1.000 1.000 1.000 0.000 0.000 0.000 0.000 0.000   
smooth    0.000 0.000 0.000 0.000 0.000 0.000 0.000 0.000 1.000 0.000 1.000   
meadows   0.000 1.000 0.000 0.000 0.000 0.000 0.000 0.000 0.000 0.000 0.000   
paths     0.000 0.000 0.000 0.000 0.000 0.000 1.000 1.000 0.000 1.000 0.000   
flat      1.000 0.000 0.000 0.000 0.000 0.000 0.000 0.000 0.000 1.000 0.000   
fibrous   1.000 0.000 0.000 0.000 0.000 0.000 0.000 0.000 0.000 0.000 0.000   
crowded   0.000 0.000 0.000 0.000 0.000 0.000 0.000 0.000 0.000 0.000 1.000   
gray      0.000 0.000 0.000 0.000 0.000 0.000 0.000 0.000 0.000 0.000 1.000   
sunken    0.000 0.000 0.000 0.000 0.000 0.000 0.000 0.000 0.000 0.000 0.000   
woods     0.000 0.000 0.000 0.000 0.000 0.000 0.000 0.000 0.000 0.000 0.000   
prior     0.010 0.010 0.010 0.010 0.010 0.010 0.010 0.010 0.010 0.010 0.010   
alpha                                                                         

            M17   M19   M78    M6   M95   M58   M41   M80    M9   M93   M77   
brown     0.000 0.000 0.000 0.000 1.000 1.000 0.000 0.000 0.000 1.000 0.000  \
convex    0.000 1.000 1.000 0.000 1.000 1.000 0.000 1.000 1.000 1.000 1.000   
scaly     0.000 1.000 0.000 1.000 0.000 1.000 0.000 1.000 1.000 1.000 1.000   
poisonous 0.000 0.000 1.000 0.000 1.000 1.000 0.000 1.000 0.000 1.000 1.000   
free      1.000 1.000 1.000 1.000 1.000 1.000 1.000 1.000 1.000 1.000 1.000   
closed    1.000 1.000 1.000 1.000 1.000 1.000 1.000 1.000 1.000 1.000 1.000   
urban     0.000 0.000 1.000 0.000 1.000 0.000 0.000 0.000 0.000 1.000 1.000   
yellow    0.000 0.000 0.000 0.000 0.000 0.000 0.000 0.000 1.000 0.000 0.000   
bell      1.000 0.000 0.000 1.000 0.000 0.000 1.000 0.000 0.000 0.000 0.000   
edible    1.000 1.000 0.000 1.000 0.000 0.000 1.000 0.000 1.000 0.000 0.000   
grasses   0.000 0.000 0.000 0.000 0.000 1.000 0.000 1.000 0.000 0.000 0.000   
white     1.000 1.000 1.000 1.000 0.000 0.000 1.000 1.000 0.000 0.000 1.000   
smooth    1.000 0.000 1.000 0.000 1.000 0.000 1.000 0.000 0.000 0.000 0.000   
meadows   1.000 1.000 0.000 1.000 0.000 0.000 1.000 0.000 1.000 0.000 0.000   
paths     0.000 0.000 0.000 0.000 0.000 0.000 0.000 0.000 0.000 0.000 0.000   
flat      0.000 0.000 0.000 0.000 0.000 0.000 0.000 0.000 0.000 0.000 0.000   
fibrous   0.000 0.000 0.000 0.000 0.000 0.000 0.000 0.000 0.000 0.000 0.000   
crowded   0.000 0.000 0.000 0.000 0.000 0.000 0.000 0.000 0.000 0.000 0.000   
gray      0.000 0.000 0.000 0.000 0.000 0.000 0.000 0.000 0.000 0.000 0.000   
sunken    0.000 0.000 0.000 0.000 0.000 0.000 0.000 0.000 0.000 0.000 0.000   
woods     0.000 0.000 0.000 0.000 0.000 0.000 0.000 0.000 0.000 0.000 0.000   
prior     0.010 0.010 0.010 0.010 0.010 0.010 0.010 0.010 0.010 0.010 0.010   
alpha                                                                         

            M98   M56    M1   M87   M32   M90   M91   M89   M18   M21  M100   
brown     1.000 0.000 0.000 1.000 1.000 1.000 1.000 1.000 0.000 0.000 1.000  \
convex    1.000 1.000 1.000 1.000 1.000 1.000 1.000 1.000 1.000 1.000 1.000   
scaly     0.000 1.000 0.000 1.000 0.000 1.000 0.000 1.000 1.000 0.000 0.000   
poisonous 1.000 1.000 0.000 1.000 0.000 1.000 1.000 1.000 0.000 0.000 1.000   
free      1.000 1.000 1.000 1.000 1.000 1.000 1.000 1.000 1.000 1.000 1.000   
closed    1.000 1.000 1.000 1.000 1.000 1.000 1.000 1.000 1.000 0.000 1.000   
urban     1.000 1.000 0.000 1.000 1.000 1.000 1.000 1.000 0.000 0.000 1.000   
yellow    0.000 0.000 1.000 0.000 0.000 0.000 0.000 0.000 1.000 1.000 0.000   
bell      0.000 0.000 0.000 0.000 0.000 0.000 0.000 0.000 0.000 0.000 0.000   
edible    0.000 0.000 1.000 0.000 1.000 0.000 0.000 0.000 1.000 1.000 0.000   
grasses   0.000 0.000 1.000 0.000 0.000 0.000 0.000 0.000 0.000 0.000 0.000   
white     0.000 1.000 0.000 0.000 0.000 0.000 0.000 0.000 0.000 0.000 0.000   
smooth    1.000 0.000 1.000 0.000 0.000 0.000 1.000 0.000 0.000 1.000 1.000   
meadows   0.000 0.000 0.000 0.000 0.000 0.000 0.000 0.000 1.000 0.000 0.000   
paths     0.000 0.000 0.000 0.000 0.000 0.000 0.000 0.000 0.000 0.000 0.000   
flat      0.000 0.000 0.000 0.000 0.000 0.000 0.000 0.000 0.000 0.000 0.000   
fibrous   0.000 0.000 0.000 0.000 1.000 0.000 0.000 0.000 0.000 0.000 0.000   
crowded   0.000 0.000 0.000 0.000 0.000 0.000 0.000 0.000 0.000 1.000 0.000   
gray      0.000 0.000 0.000 0.000 0.000 0.000 0.000 0.000 0.000 0.000 0.000   
sunken    0.000 0.000 0.000 0.000 0.000 0.000 0.000 0.000 0.000 0.000 0.000   
woods     0.000 0.000 0.000 0.000 0.000 0.000 0.000 0.000 0.000 1.000 0.000   
prior     0.010 0.010 0.010 0.010 0.010 0.010 0.010 0.010 0.010 0.010 0.010   
alpha                                                                         

            M44   M43   M72   M69   M49    M5   M14   M99   M53   M12   M35   
brown     0.000 0.000 0.000 1.000 0.000 0.000 0.000 1.000 0.000 0.000 0.000  \
convex    0.000 0.000 1.000 0.000 0.000 0.000 0.000 1.000 1.000 0.000 1.000   
scaly     0.000 0.000 1.000 1.000 0.000 0.000 0.000 0.000 1.000 0.000 1.000   
poisonous 0.000 0.000 1.000 1.000 0.000 0.000 0.000 1.000 1.000 0.000 0.000   
free      1.000 1.000 1.000 1.000 1.000 1.000 1.000 1.000 1.000 1.000 1.000   
closed    1.000 0.000 1.000 1.000 1.000 1.000 1.000 1.000 1.000 1.000 1.000   
urban     0.000 0.000 1.000 0.000 0.000 0.000 0.000 0.000 0.000 1.000 0.000   
yellow    0.000 0.000 0.000 0.000 1.000 0.000 1.000 0.000 0.000 0.000 1.000   
bell      1.000 0.000 0.000 0.000 1.000 1.000 1.000 0.000 0.000 0.000 0.000   
edible    1.000 1.000 0.000 0.000 1.000 1.000 1.000 0.000 0.000 1.000 1.000   
grasses   1.000 1.000 0.000 1.000 0.000 0.000 0.000 1.000 1.000 0.000 0.000   
white     1.000 0.000 1.000 0.000 0.000 1.000 0.000 0.000 1.000 0.000 0.000   
smooth    1.000 0.000 0.000 0.000 1.000 1.000 1.000 1.000 0.000 0.000 0.000   
meadows   0.000 0.000 0.000 0.000 1.000 1.000 1.000 0.000 0.000 0.000 1.000   
paths     0.000 0.000 0.000 0.000 0.000 0.000 0.000 0.000 0.000 0.000 0.000   
flat      0.000 1.000 0.000 1.000 0.000 0.000 0.000 0.000 0.000 0.000 0.000   
fibrous   0.000 1.000 0.000 0.000 0.000 0.000 0.000 0.000 0.000 1.000 0.000   
crowded   0.000 1.000 0.000 0.000 0.000 0.000 0.000 0.000 0.000 0.000 0.000   
gray      0.000 1.000 0.000 0.000 0.000 0.000 0.000 0.000 0.000 1.000 0.000   
sunken    0.000 0.000 0.000 0.000 0.000 0.000 0.000 0.000 0.000 1.000 0.000   
woods     0.000 0.000 0.000 0.000 0.000 0.000 0.000 0.000 0.000 0.000 0.000   
prior     0.010 0.010 0.010 0.010 0.010 0.010 0.010 0.010 0.010 0.010 0.010   
alpha                                                                         

             M7 costs  
brown     0.000 0.000  
convex    0.000 0.000  
scaly     0.000 0.000  
poisonous 0.000 0.000  
free      1.000 0.000  
closed    1.000 0.000  
urban     0.000 0.000  
yellow    1.000 0.000  
bell      1.000 0.000  
edible    1.000 0.000  
grasses   0.000 0.000  
white     0.000 0.000  
smooth    1.000 0.000  
meadows   1.000 0.000  
paths     0.000 0.000  
flat      0.000 0.000  
fibrous   0.000 0.000  
crowded   0.000 0.000  
gray      0.000 0.000  
sunken    0.000 0.000  
woods     0.000 0.000  
prior     0.010        
alpha                  

Speaker:
+------+---------+----------+---------+-------------+--------+----------+---------+----------+--------+----------+-----------+---------+----------+-----------+---------+--------+-----------+-----------+--------+----------+---------+
|      |   brown |   convex |   scaly |   poisonous |   free |   closed |   urban |   yellow |   bell |   edible |   grasses |   white |   smooth |   meadows |   paths |   flat |   fibrous |   crowded |   gray |   sunken |   woods |
|------+---------+----------+---------+-------------+--------+----------+---------+----------+--------+----------+-----------+---------+----------+-----------+---------+--------+-----------+-----------+--------+----------+---------|
| M88  |   0.229 |    0.110 |   0.143 |       0.151 |  0.076 |    0.081 |   0.210 |    0.000 |  0.000 |    0.000 |     0.000 |   0.000 |    0.000 |     0.000 |   0.000 |  0.000 |     0.000 |     0.000 |  0.000 |    0.000 |   0.000 |
| M30  |   0.000 |    0.000 |   0.105 |       0.000 |  0.056 |    0.060 |   0.000 |    0.206 |  0.293 |    0.111 |     0.169 |   0.000 |    0.000 |     0.000 |   0.000 |  0.000 |     0.000 |     0.000 |  0.000 |    0.000 |   0.000 |
| M64  |   0.000 |    0.105 |   0.000 |       0.144 |  0.072 |    0.078 |   0.200 |    0.000 |  0.000 |    0.000 |     0.000 |   0.206 |    0.195 |     0.000 |   0.000 |  0.000 |     0.000 |     0.000 |  0.000 |    0.000 |   0.000 |
| M51  |   0.216 |    0.103 |   0.000 |       0.142 |  0.071 |    0.077 |   0.198 |    0.000 |  0.000 |    0.000 |     0.000 |   0.000 |    0.193 |     0.000 |   0.000 |  0.000 |     0.000 |     0.000 |  0.000 |    0.000 |   0.000 |
| M85  |   0.000 |    0.109 |   0.142 |       0.150 |  0.075 |    0.081 |   0.000 |    0.000 |  0.000 |    0.000 |     0.228 |   0.215 |    0.000 |     0.000 |   0.000 |  0.000 |     0.000 |     0.000 |  0.000 |    0.000 |   0.000 |
| M94  |   0.225 |    0.108 |   0.140 |       0.148 |  0.074 |    0.080 |   0.000 |    0.000 |  0.000 |    0.000 |     0.225 |   0.000 |    0.000 |     0.000 |   0.000 |  0.000 |     0.000 |     0.000 |  0.000 |    0.000 |   0.000 |
| M8   |   0.000 |    0.102 |   0.133 |       0.000 |  0.071 |    0.076 |   0.000 |    0.262 |  0.000 |    0.141 |     0.214 |   0.000 |    0.000 |     0.000 |   0.000 |  0.000 |     0.000 |     0.000 |  0.000 |    0.000 |   0.000 |
| M68  |   0.000 |    0.103 |   0.000 |       0.142 |  0.071 |    0.076 |   0.000 |    0.000 |  0.000 |    0.000 |     0.215 |   0.202 |    0.191 |     0.000 |   0.000 |  0.000 |     0.000 |     0.000 |  0.000 |    0.000 |   0.000 |
| M65  |   0.229 |    0.110 |   0.143 |       0.151 |  0.076 |    0.081 |   0.210 |    0.000 |  0.000 |    0.000 |     0.000 |   0.000 |    0.000 |     0.000 |   0.000 |  0.000 |     0.000 |     0.000 |  0.000 |    0.000 |   0.000 |
| M76  |   0.229 |    0.110 |   0.143 |       0.151 |  0.076 |    0.081 |   0.210 |    0.000 |  0.000 |    0.000 |     0.000 |   0.000 |    0.000 |     0.000 |   0.000 |  0.000 |     0.000 |     0.000 |  0.000 |    0.000 |   0.000 |
| M25  |   0.000 |    0.000 |   0.098 |       0.000 |  0.052 |    0.056 |   0.000 |    0.192 |  0.273 |    0.104 |     0.000 |   0.000 |    0.000 |     0.226 |   0.000 |  0.000 |     0.000 |     0.000 |  0.000 |    0.000 |   0.000 |
| M61  |   0.229 |    0.110 |   0.143 |       0.151 |  0.076 |    0.081 |   0.210 |    0.000 |  0.000 |    0.000 |     0.000 |   0.000 |    0.000 |     0.000 |   0.000 |  0.000 |     0.000 |     0.000 |  0.000 |    0.000 |   0.000 |
| M2   |   0.000 |    0.000 |   0.000 |       0.000 |  0.052 |    0.056 |   0.000 |    0.000 |  0.273 |    0.104 |     0.000 |   0.148 |    0.140 |     0.226 |   0.000 |  0.000 |     0.000 |     0.000 |  0.000 |    0.000 |   0.000 |
| M10  |   0.000 |    0.000 |   0.000 |       0.000 |  0.053 |    0.057 |   0.000 |    0.197 |  0.280 |    0.107 |     0.161 |   0.000 |    0.144 |     0.000 |   0.000 |  0.000 |     0.000 |     0.000 |  0.000 |    0.000 |   0.000 |
| M4   |   0.000 |    0.102 |   0.133 |       0.000 |  0.071 |    0.076 |   0.000 |    0.262 |  0.000 |    0.141 |     0.214 |   0.000 |    0.000 |     0.000 |   0.000 |  0.000 |     0.000 |     0.000 |  0.000 |    0.000 |   0.000 |
| M45  |   0.000 |    0.097 |   0.000 |       0.000 |  0.067 |    0.072 |   0.000 |    0.248 |  0.000 |    0.134 |     0.203 |   0.000 |    0.181 |     0.000 |   0.000 |  0.000 |     0.000 |     0.000 |  0.000 |    0.000 |   0.000 |
| M23  |   0.000 |    0.094 |   0.122 |       0.000 |  0.065 |    0.070 |   0.000 |    0.240 |  0.000 |    0.129 |     0.000 |   0.000 |    0.000 |     0.281 |   0.000 |  0.000 |     0.000 |     0.000 |  0.000 |    0.000 |   0.000 |
| M46  |   0.100 |    0.048 |   0.062 |       0.000 |  0.033 |    0.035 |   0.000 |    0.000 |  0.000 |    0.066 |     0.000 |   0.000 |    0.000 |     0.000 |   0.657 |  0.000 |     0.000 |     0.000 |  0.000 |    0.000 |   0.000 |
| M15  |   0.000 |    0.000 |   0.098 |       0.000 |  0.052 |    0.056 |   0.000 |    0.192 |  0.273 |    0.104 |     0.000 |   0.000 |    0.000 |     0.226 |   0.000 |  0.000 |     0.000 |     0.000 |  0.000 |    0.000 |   0.000 |
| M29  |   0.000 |    0.000 |   0.000 |       0.000 |  0.050 |    0.054 |   0.000 |    0.184 |  0.262 |    0.100 |     0.000 |   0.000 |    0.135 |     0.216 |   0.000 |  0.000 |     0.000 |     0.000 |  0.000 |    0.000 |   0.000 |
| M13  |   0.000 |    0.000 |   0.000 |       0.000 |  0.023 |    0.000 |   0.000 |    0.000 |  0.000 |    0.045 |     0.068 |   0.065 |    0.000 |     0.000 |   0.000 |  0.251 |     0.226 |     0.323 |  0.000 |    0.000 |   0.000 |
| M86  |   0.000 |    0.111 |   0.145 |       0.153 |  0.077 |    0.082 |   0.213 |    0.000 |  0.000 |    0.000 |     0.000 |   0.219 |    0.000 |     0.000 |   0.000 |  0.000 |     0.000 |     0.000 |  0.000 |    0.000 |   0.000 |
| M97  |   0.127 |    0.000 |   0.000 |       0.084 |  0.042 |    0.045 |   0.000 |    0.000 |  0.000 |    0.000 |     0.127 |   0.000 |    0.113 |     0.000 |   0.000 |  0.464 |     0.000 |     0.000 |  0.000 |    0.000 |   0.000 |
| M11  |   0.087 |    0.042 |   0.000 |       0.000 |  0.029 |    0.000 |   0.000 |    0.000 |  0.000 |    0.057 |     0.087 |   0.000 |    0.000 |     0.000 |   0.000 |  0.000 |     0.287 |     0.411 |  0.000 |    0.000 |   0.000 |
| M70  |   0.000 |    0.111 |   0.145 |       0.153 |  0.077 |    0.082 |   0.213 |    0.000 |  0.000 |    0.000 |     0.000 |   0.219 |    0.000 |     0.000 |   0.000 |  0.000 |     0.000 |     0.000 |  0.000 |    0.000 |   0.000 |
| M75  |   0.000 |    0.103 |   0.000 |       0.142 |  0.071 |    0.076 |   0.000 |    0.000 |  0.000 |    0.000 |     0.215 |   0.202 |    0.191 |     0.000 |   0.000 |  0.000 |     0.000 |     0.000 |  0.000 |    0.000 |   0.000 |
| M55  |   0.212 |    0.101 |   0.000 |       0.140 |  0.070 |    0.075 |   0.000 |    0.000 |  0.000 |    0.000 |     0.212 |   0.000 |    0.189 |     0.000 |   0.000 |  0.000 |     0.000 |     0.000 |  0.000 |    0.000 |   0.000 |
| M16  |   0.000 |    0.000 |   0.102 |       0.000 |  0.054 |    0.058 |   0.000 |    0.000 |  0.286 |    0.109 |     0.000 |   0.155 |    0.000 |     0.236 |   0.000 |  0.000 |     0.000 |     0.000 |  0.000 |    0.000 |   0.000 |
| M47  |   0.000 |    0.000 |   0.000 |       0.000 |  0.014 |    0.015 |   0.040 |    0.000 |  0.000 |    0.028 |     0.000 |   0.000 |    0.000 |     0.000 |   0.000 |  0.000 |     0.142 |     0.000 |  0.285 |    0.475 |   0.000 |
| M36  |   0.000 |    0.094 |   0.000 |       0.000 |  0.065 |    0.070 |   0.000 |    0.000 |  0.000 |    0.130 |     0.000 |   0.185 |    0.175 |     0.282 |   0.000 |  0.000 |     0.000 |     0.000 |  0.000 |    0.000 |   0.000 |
| M40  |   0.000 |    0.103 |   0.000 |       0.000 |  0.071 |    0.076 |   0.000 |    0.000 |  0.000 |    0.142 |     0.215 |   0.202 |    0.191 |     0.000 |   0.000 |  0.000 |     0.000 |     0.000 |  0.000 |    0.000 |   0.000 |
| M92  |   0.216 |    0.103 |   0.000 |       0.142 |  0.071 |    0.077 |   0.198 |    0.000 |  0.000 |    0.000 |     0.000 |   0.000 |    0.193 |     0.000 |   0.000 |  0.000 |     0.000 |     0.000 |  0.000 |    0.000 |   0.000 |
| M84  |   0.000 |    0.109 |   0.142 |       0.150 |  0.075 |    0.081 |   0.000 |    0.000 |  0.000 |    0.000 |     0.228 |   0.215 |    0.000 |     0.000 |   0.000 |  0.000 |     0.000 |     0.000 |  0.000 |    0.000 |   0.000 |
| M83  |   0.000 |    0.109 |   0.142 |       0.150 |  0.075 |    0.081 |   0.000 |    0.000 |  0.000 |    0.000 |     0.228 |   0.215 |    0.000 |     0.000 |   0.000 |  0.000 |     0.000 |     0.000 |  0.000 |    0.000 |   0.000 |
| M24  |   0.100 |    0.048 |   0.062 |       0.000 |  0.033 |    0.035 |   0.000 |    0.000 |  0.000 |    0.066 |     0.000 |   0.000 |    0.000 |     0.000 |   0.657 |  0.000 |     0.000 |     0.000 |  0.000 |    0.000 |   0.000 |
| M27  |   0.000 |    0.000 |   0.000 |       0.000 |  0.014 |    0.015 |   0.040 |    0.000 |  0.000 |    0.028 |     0.000 |   0.000 |    0.000 |     0.000 |   0.000 |  0.000 |     0.142 |     0.000 |  0.285 |    0.475 |   0.000 |
| M48  |   0.000 |    0.000 |   0.098 |       0.000 |  0.052 |    0.056 |   0.000 |    0.192 |  0.273 |    0.104 |     0.000 |   0.000 |    0.000 |     0.226 |   0.000 |  0.000 |     0.000 |     0.000 |  0.000 |    0.000 |   0.000 |
| M82  |   0.128 |    0.000 |   0.000 |       0.084 |  0.042 |    0.045 |   0.117 |    0.000 |  0.000 |    0.000 |     0.000 |   0.000 |    0.114 |     0.000 |   0.000 |  0.469 |     0.000 |     0.000 |  0.000 |    0.000 |   0.000 |
| M57  |   0.216 |    0.103 |   0.000 |       0.142 |  0.071 |    0.077 |   0.198 |    0.000 |  0.000 |    0.000 |     0.000 |   0.000 |    0.193 |     0.000 |   0.000 |  0.000 |     0.000 |     0.000 |  0.000 |    0.000 |   0.000 |
| M96  |   0.229 |    0.110 |   0.143 |       0.151 |  0.076 |    0.081 |   0.210 |    0.000 |  0.000 |    0.000 |     0.000 |   0.000 |    0.000 |     0.000 |   0.000 |  0.000 |     0.000 |     0.000 |  0.000 |    0.000 |   0.000 |
| M28  |   0.000 |    0.022 |   0.000 |       0.000 |  0.015 |    0.000 |   0.000 |    0.056 |  0.000 |    0.030 |     0.000 |   0.000 |    0.000 |     0.000 |   0.000 |  0.000 |     0.152 |     0.217 |  0.000 |    0.000 |   0.507 |
| M33  |   0.000 |    0.089 |   0.000 |       0.000 |  0.061 |    0.066 |   0.000 |    0.228 |  0.000 |    0.123 |     0.000 |   0.000 |    0.166 |     0.267 |   0.000 |  0.000 |     0.000 |     0.000 |  0.000 |    0.000 |   0.000 |
| M42  |   0.000 |    0.000 |   0.098 |       0.000 |  0.052 |    0.056 |   0.000 |    0.192 |  0.273 |    0.104 |     0.000 |   0.000 |    0.000 |     0.226 |   0.000 |  0.000 |     0.000 |     0.000 |  0.000 |    0.000 |   0.000 |
| M26  |   0.000 |    0.022 |   0.000 |       0.000 |  0.015 |    0.000 |   0.000 |    0.056 |  0.000 |    0.030 |     0.000 |   0.000 |    0.000 |     0.000 |   0.000 |  0.000 |     0.152 |     0.217 |  0.000 |    0.000 |   0.507 |
| M74  |   0.000 |    0.105 |   0.000 |       0.144 |  0.072 |    0.078 |   0.200 |    0.000 |  0.000 |    0.000 |     0.000 |   0.206 |    0.195 |     0.000 |   0.000 |  0.000 |     0.000 |     0.000 |  0.000 |    0.000 |   0.000 |
| M81  |   0.132 |    0.000 |   0.082 |       0.087 |  0.044 |    0.047 |   0.121 |    0.000 |  0.000 |    0.000 |     0.000 |   0.000 |    0.000 |     0.000 |   0.000 |  0.486 |     0.000 |     0.000 |  0.000 |    0.000 |   0.000 |
| M63  |   0.229 |    0.110 |   0.143 |       0.151 |  0.076 |    0.081 |   0.210 |    0.000 |  0.000 |    0.000 |     0.000 |   0.000 |    0.000 |     0.000 |   0.000 |  0.000 |     0.000 |     0.000 |  0.000 |    0.000 |   0.000 |
| M59  |   0.000 |    0.000 |   0.000 |       0.084 |  0.042 |    0.045 |   0.000 |    0.000 |  0.000 |    0.000 |     0.127 |   0.120 |    0.114 |     0.000 |   0.000 |  0.467 |     0.000 |     0.000 |  0.000 |    0.000 |   0.000 |
| M73  |   0.000 |    0.109 |   0.142 |       0.150 |  0.075 |    0.081 |   0.000 |    0.000 |  0.000 |    0.000 |     0.228 |   0.215 |    0.000 |     0.000 |   0.000 |  0.000 |     0.000 |     0.000 |  0.000 |    0.000 |   0.000 |
| M39  |   0.225 |    0.108 |   0.140 |       0.000 |  0.074 |    0.080 |   0.000 |    0.000 |  0.000 |    0.148 |     0.225 |   0.000 |    0.000 |     0.000 |   0.000 |  0.000 |     0.000 |     0.000 |  0.000 |    0.000 |   0.000 |
| M71  |   0.212 |    0.101 |   0.000 |       0.140 |  0.070 |    0.075 |   0.000 |    0.000 |  0.000 |    0.000 |     0.212 |   0.000 |    0.189 |     0.000 |   0.000 |  0.000 |     0.000 |     0.000 |  0.000 |    0.000 |   0.000 |
| M60  |   0.000 |    0.111 |   0.145 |       0.153 |  0.077 |    0.082 |   0.213 |    0.000 |  0.000 |    0.000 |     0.000 |   0.219 |    0.000 |     0.000 |   0.000 |  0.000 |     0.000 |     0.000 |  0.000 |    0.000 |   0.000 |
| M52  |   0.000 |    0.111 |   0.145 |       0.153 |  0.077 |    0.082 |   0.213 |    0.000 |  0.000 |    0.000 |     0.000 |   0.219 |    0.000 |     0.000 |   0.000 |  0.000 |     0.000 |     0.000 |  0.000 |    0.000 |   0.000 |
| M34  |   0.000 |    0.109 |   0.142 |       0.000 |  0.075 |    0.081 |   0.000 |    0.000 |  0.000 |    0.150 |     0.228 |   0.215 |    0.000 |     0.000 |   0.000 |  0.000 |     0.000 |     0.000 |  0.000 |    0.000 |   0.000 |
| M22  |   0.000 |    0.000 |   0.000 |       0.000 |  0.050 |    0.054 |   0.000 |    0.184 |  0.262 |    0.100 |     0.000 |   0.000 |    0.135 |     0.216 |   0.000 |  0.000 |     0.000 |     0.000 |  0.000 |    0.000 |   0.000 |
| M20  |   0.098 |    0.000 |   0.000 |       0.000 |  0.032 |    0.035 |   0.090 |    0.000 |  0.000 |    0.065 |     0.000 |   0.000 |    0.000 |     0.000 |   0.000 |  0.358 |     0.323 |     0.000 |  0.000 |    0.000 |   0.000 |
| M50  |   0.000 |    0.000 |   0.098 |       0.000 |  0.052 |    0.056 |   0.000 |    0.192 |  0.273 |    0.104 |     0.000 |   0.000 |    0.000 |     0.226 |   0.000 |  0.000 |     0.000 |     0.000 |  0.000 |    0.000 |   0.000 |
| M66  |   0.000 |    0.109 |   0.142 |       0.150 |  0.075 |    0.081 |   0.000 |    0.000 |  0.000 |    0.000 |     0.228 |   0.215 |    0.000 |     0.000 |   0.000 |  0.000 |     0.000 |     0.000 |  0.000 |    0.000 |   0.000 |
| M54  |   0.000 |    0.111 |   0.145 |       0.153 |  0.077 |    0.082 |   0.213 |    0.000 |  0.000 |    0.000 |     0.000 |   0.219 |    0.000 |     0.000 |   0.000 |  0.000 |     0.000 |     0.000 |  0.000 |    0.000 |   0.000 |
| M62  |   0.000 |    0.109 |   0.142 |       0.150 |  0.075 |    0.081 |   0.000 |    0.000 |  0.000 |    0.000 |     0.228 |   0.215 |    0.000 |     0.000 |   0.000 |  0.000 |     0.000 |     0.000 |  0.000 |    0.000 |   0.000 |
| M67  |   0.000 |    0.111 |   0.145 |       0.153 |  0.077 |    0.082 |   0.213 |    0.000 |  0.000 |    0.000 |     0.000 |   0.219 |    0.000 |     0.000 |   0.000 |  0.000 |     0.000 |     0.000 |  0.000 |    0.000 |   0.000 |
| M31  |   0.000 |    0.047 |   0.061 |       0.000 |  0.032 |    0.035 |   0.000 |    0.119 |  0.000 |    0.064 |     0.000 |   0.000 |    0.000 |     0.000 |   0.643 |  0.000 |     0.000 |     0.000 |  0.000 |    0.000 |   0.000 |
| M37  |   0.000 |    0.047 |   0.061 |       0.000 |  0.032 |    0.035 |   0.000 |    0.119 |  0.000 |    0.064 |     0.000 |   0.000 |    0.000 |     0.000 |   0.643 |  0.000 |     0.000 |     0.000 |  0.000 |    0.000 |   0.000 |
| M79  |   0.212 |    0.101 |   0.000 |       0.140 |  0.070 |    0.075 |   0.000 |    0.000 |  0.000 |    0.000 |     0.212 |   0.000 |    0.189 |     0.000 |   0.000 |  0.000 |     0.000 |     0.000 |  0.000 |    0.000 |   0.000 |
| M38  |   0.000 |    0.000 |   0.046 |       0.000 |  0.025 |    0.026 |   0.000 |    0.091 |  0.000 |    0.049 |     0.000 |   0.000 |    0.000 |     0.000 |   0.490 |  0.272 |     0.000 |     0.000 |  0.000 |    0.000 |   0.000 |
| M3   |   0.000 |    0.033 |   0.000 |       0.000 |  0.022 |    0.000 |   0.000 |    0.000 |  0.000 |    0.045 |     0.068 |   0.000 |    0.061 |     0.000 |   0.000 |  0.000 |     0.000 |     0.321 |  0.450 |    0.000 |   0.000 |
| M17  |   0.000 |    0.000 |   0.000 |       0.000 |  0.052 |    0.056 |   0.000 |    0.000 |  0.273 |    0.104 |     0.000 |   0.148 |    0.140 |     0.226 |   0.000 |  0.000 |     0.000 |     0.000 |  0.000 |    0.000 |   0.000 |
| M19  |   0.000 |    0.099 |   0.129 |       0.000 |  0.068 |    0.074 |   0.000 |    0.000 |  0.000 |    0.137 |     0.000 |   0.195 |    0.000 |     0.297 |   0.000 |  0.000 |     0.000 |     0.000 |  0.000 |    0.000 |   0.000 |
| M78  |   0.000 |    0.105 |   0.000 |       0.144 |  0.072 |    0.078 |   0.200 |    0.000 |  0.000 |    0.000 |     0.000 |   0.206 |    0.195 |     0.000 |   0.000 |  0.000 |     0.000 |     0.000 |  0.000 |    0.000 |   0.000 |
| M6   |   0.000 |    0.000 |   0.102 |       0.000 |  0.054 |    0.058 |   0.000 |    0.000 |  0.286 |    0.109 |     0.000 |   0.155 |    0.000 |     0.236 |   0.000 |  0.000 |     0.000 |     0.000 |  0.000 |    0.000 |   0.000 |
| M95  |   0.216 |    0.103 |   0.000 |       0.142 |  0.071 |    0.077 |   0.198 |    0.000 |  0.000 |    0.000 |     0.000 |   0.000 |    0.193 |     0.000 |   0.000 |  0.000 |     0.000 |     0.000 |  0.000 |    0.000 |   0.000 |
| M58  |   0.225 |    0.108 |   0.140 |       0.148 |  0.074 |    0.080 |   0.000 |    0.000 |  0.000 |    0.000 |     0.225 |   0.000 |    0.000 |     0.000 |   0.000 |  0.000 |     0.000 |     0.000 |  0.000 |    0.000 |   0.000 |
| M41  |   0.000 |    0.000 |   0.000 |       0.000 |  0.052 |    0.056 |   0.000 |    0.000 |  0.273 |    0.104 |     0.000 |   0.148 |    0.140 |     0.226 |   0.000 |  0.000 |     0.000 |     0.000 |  0.000 |    0.000 |   0.000 |
| M80  |   0.000 |    0.109 |   0.142 |       0.150 |  0.075 |    0.081 |   0.000 |    0.000 |  0.000 |    0.000 |     0.228 |   0.215 |    0.000 |     0.000 |   0.000 |  0.000 |     0.000 |     0.000 |  0.000 |    0.000 |   0.000 |
| M9   |   0.000 |    0.094 |   0.122 |       0.000 |  0.065 |    0.070 |   0.000 |    0.240 |  0.000 |    0.129 |     0.000 |   0.000 |    0.000 |     0.281 |   0.000 |  0.000 |     0.000 |     0.000 |  0.000 |    0.000 |   0.000 |
| M93  |   0.229 |    0.110 |   0.143 |       0.151 |  0.076 |    0.081 |   0.210 |    0.000 |  0.000 |    0.000 |     0.000 |   0.000 |    0.000 |     0.000 |   0.000 |  0.000 |     0.000 |     0.000 |  0.000 |    0.000 |   0.000 |
| M77  |   0.000 |    0.111 |   0.145 |       0.153 |  0.077 |    0.082 |   0.213 |    0.000 |  0.000 |    0.000 |     0.000 |   0.219 |    0.000 |     0.000 |   0.000 |  0.000 |     0.000 |     0.000 |  0.000 |    0.000 |   0.000 |
| M98  |   0.216 |    0.103 |   0.000 |       0.142 |  0.071 |    0.077 |   0.198 |    0.000 |  0.000 |    0.000 |     0.000 |   0.000 |    0.193 |     0.000 |   0.000 |  0.000 |     0.000 |     0.000 |  0.000 |    0.000 |   0.000 |
| M56  |   0.000 |    0.111 |   0.145 |       0.153 |  0.077 |    0.082 |   0.213 |    0.000 |  0.000 |    0.000 |     0.000 |   0.219 |    0.000 |     0.000 |   0.000 |  0.000 |     0.000 |     0.000 |  0.000 |    0.000 |   0.000 |
| M1   |   0.000 |    0.097 |   0.000 |       0.000 |  0.067 |    0.072 |   0.000 |    0.248 |  0.000 |    0.134 |     0.203 |   0.000 |    0.181 |     0.000 |   0.000 |  0.000 |     0.000 |     0.000 |  0.000 |    0.000 |   0.000 |
| M87  |   0.229 |    0.110 |   0.143 |       0.151 |  0.076 |    0.081 |   0.210 |    0.000 |  0.000 |    0.000 |     0.000 |   0.000 |    0.000 |     0.000 |   0.000 |  0.000 |     0.000 |     0.000 |  0.000 |    0.000 |   0.000 |
| M32  |   0.142 |    0.068 |   0.000 |       0.000 |  0.047 |    0.050 |   0.130 |    0.000 |  0.000 |    0.094 |     0.000 |   0.000 |    0.000 |     0.000 |   0.000 |  0.000 |     0.469 |     0.000 |  0.000 |    0.000 |   0.000 |
| M90  |   0.229 |    0.110 |   0.143 |       0.151 |  0.076 |    0.081 |   0.210 |    0.000 |  0.000 |    0.000 |     0.000 |   0.000 |    0.000 |     0.000 |   0.000 |  0.000 |     0.000 |     0.000 |  0.000 |    0.000 |   0.000 |
| M91  |   0.216 |    0.103 |   0.000 |       0.142 |  0.071 |    0.077 |   0.198 |    0.000 |  0.000 |    0.000 |     0.000 |   0.000 |    0.193 |     0.000 |   0.000 |  0.000 |     0.000 |     0.000 |  0.000 |    0.000 |   0.000 |
| M89  |   0.229 |    0.110 |   0.143 |       0.151 |  0.076 |    0.081 |   0.210 |    0.000 |  0.000 |    0.000 |     0.000 |   0.000 |    0.000 |     0.000 |   0.000 |  0.000 |     0.000 |     0.000 |  0.000 |    0.000 |   0.000 |
| M18  |   0.000 |    0.094 |   0.122 |       0.000 |  0.065 |    0.070 |   0.000 |    0.240 |  0.000 |    0.129 |     0.000 |   0.000 |    0.000 |     0.281 |   0.000 |  0.000 |     0.000 |     0.000 |  0.000 |    0.000 |   0.000 |
| M21  |   0.000 |    0.025 |   0.000 |       0.000 |  0.017 |    0.000 |   0.000 |    0.063 |  0.000 |    0.034 |     0.000 |   0.000 |    0.046 |     0.000 |   0.000 |  0.000 |     0.000 |     0.244 |  0.000 |    0.000 |   0.570 |
| M100 |   0.216 |    0.103 |   0.000 |       0.142 |  0.071 |    0.077 |   0.198 |    0.000 |  0.000 |    0.000 |     0.000 |   0.000 |    0.193 |     0.000 |   0.000 |  0.000 |     0.000 |     0.000 |  0.000 |    0.000 |   0.000 |
| M44  |   0.000 |    0.000 |   0.000 |       0.000 |  0.056 |    0.060 |   0.000 |    0.000 |  0.294 |    0.112 |     0.169 |   0.159 |    0.151 |     0.000 |   0.000 |  0.000 |     0.000 |     0.000 |  0.000 |    0.000 |   0.000 |
| M43  |   0.000 |    0.000 |   0.000 |       0.000 |  0.016 |    0.000 |   0.000 |    0.000 |  0.000 |    0.033 |     0.049 |   0.000 |    0.000 |     0.000 |   0.000 |  0.181 |     0.163 |     0.233 |  0.326 |    0.000 |   0.000 |
| M72  |   0.000 |    0.111 |   0.145 |       0.153 |  0.077 |    0.082 |   0.213 |    0.000 |  0.000 |    0.000 |     0.000 |   0.219 |    0.000 |     0.000 |   0.000 |  0.000 |     0.000 |     0.000 |  0.000 |    0.000 |   0.000 |
| M69  |   0.131 |    0.000 |   0.082 |       0.086 |  0.043 |    0.046 |   0.000 |    0.000 |  0.000 |    0.000 |     0.131 |   0.000 |    0.000 |     0.000 |   0.000 |  0.480 |     0.000 |     0.000 |  0.000 |    0.000 |   0.000 |
| M49  |   0.000 |    0.000 |   0.000 |       0.000 |  0.050 |    0.054 |   0.000 |    0.184 |  0.262 |    0.100 |     0.000 |   0.000 |    0.135 |     0.216 |   0.000 |  0.000 |     0.000 |     0.000 |  0.000 |    0.000 |   0.000 |
| M5   |   0.000 |    0.000 |   0.000 |       0.000 |  0.052 |    0.056 |   0.000 |    0.000 |  0.273 |    0.104 |     0.000 |   0.148 |    0.140 |     0.226 |   0.000 |  0.000 |     0.000 |     0.000 |  0.000 |    0.000 |   0.000 |
| M14  |   0.000 |    0.000 |   0.000 |       0.000 |  0.050 |    0.054 |   0.000 |    0.184 |  0.262 |    0.100 |     0.000 |   0.000 |    0.135 |     0.216 |   0.000 |  0.000 |     0.000 |     0.000 |  0.000 |    0.000 |   0.000 |
| M99  |   0.212 |    0.101 |   0.000 |       0.140 |  0.070 |    0.075 |   0.000 |    0.000 |  0.000 |    0.000 |     0.212 |   0.000 |    0.189 |     0.000 |   0.000 |  0.000 |     0.000 |     0.000 |  0.000 |    0.000 |   0.000 |
| M53  |   0.000 |    0.109 |   0.142 |       0.150 |  0.075 |    0.081 |   0.000 |    0.000 |  0.000 |    0.000 |     0.228 |   0.215 |    0.000 |     0.000 |   0.000 |  0.000 |     0.000 |     0.000 |  0.000 |    0.000 |   0.000 |
| M12  |   0.000 |    0.000 |   0.000 |       0.000 |  0.014 |    0.015 |   0.040 |    0.000 |  0.000 |    0.028 |     0.000 |   0.000 |    0.000 |     0.000 |   0.000 |  0.000 |     0.142 |     0.000 |  0.285 |    0.475 |   0.000 |
| M35  |   0.000 |    0.094 |   0.122 |       0.000 |  0.065 |    0.070 |   0.000 |    0.240 |  0.000 |    0.129 |     0.000 |   0.000 |    0.000 |     0.281 |   0.000 |  0.000 |     0.000 |     0.000 |  0.000 |    0.000 |   0.000 |
| M7   |   0.000 |    0.000 |   0.000 |       0.000 |  0.050 |    0.054 |   0.000 |    0.184 |  0.262 |    0.100 |     0.000 |   0.000 |    0.135 |     0.216 |   0.000 |  0.000 |     0.000 |     0.000 |  0.000 |    0.000 |   0.000 |
+------+---------+----------+---------+-------------+--------+----------+---------+----------+--------+----------+-----------+---------+----------+-----------+---------+--------+-----------+-----------+--------+----------+---------+

Listener:
+-------------+-------+-------+-------+-------+-------+-------+-------+-------+-------+-------+-------+-------+-------+-------+-------+-------+-------+-------+-------+-------+-------+-------+-------+-------+-------+-------+-------+-------+-------+-------+-------+-------+-------+-------+-------+-------+-------+-------+-------+-------+-------+-------+-------+-------+-------+-------+-------+-------+-------+-------+-------+-------+-------+-------+-------+-------+-------+-------+-------+-------+-------+-------+-------+-------+-------+-------+-------+-------+-------+-------+-------+-------+-------+-------+-------+-------+-------+-------+-------+-------+-------+-------+-------+-------+-------+-------+-------+--------+-------+-------+-------+-------+-------+-------+-------+-------+-------+-------+-------+-------+---------+-----------+
|             |   M88 | M30   | M64   | M51   | M85   | M94   | M8    | M68   | M65   | M76   | M25   | M61   | M2    | M10   | M4    | M45   | M23   | M46   | M15   | M29   | M13   | M86   | M97   | M11   | M70   | M75   | M55   | M16   | M47   | M36   | M40   | M92   | M84   | M83   | M24   | M27   | M48   | M82   | M57   | M96   | M28   | M33   | M42   | M26   | M74   | M81   | M63   | M59   | M73   | M39   | M71   | M60   | M52   | M34   | M22   | M20   | M50   | M66   | M54   | M62   | M67   | M31   | M37   | M79   | M38   | M3    | M17   | M19   | M78   | M6    | M95   | M58   | M41   | M80   | M9    | M93   | M77   | M98   | M56   | M1    | M87   | M32   | M90   | M91   | M89   | M18   | M21   | M100   | M44   | M43   | M72   | M69   | M49   | M5    | M14   | M99   | M53   | M12   | M35   | M7    | costs   | entropy   |
|-------------+-------+-------+-------+-------+-------+-------+-------+-------+-------+-------+-------+-------+-------+-------+-------+-------+-------+-------+-------+-------+-------+-------+-------+-------+-------+-------+-------+-------+-------+-------+-------+-------+-------+-------+-------+-------+-------+-------+-------+-------+-------+-------+-------+-------+-------+-------+-------+-------+-------+-------+-------+-------+-------+-------+-------+-------+-------+-------+-------+-------+-------+-------+-------+-------+-------+-------+-------+-------+-------+-------+-------+-------+-------+-------+-------+-------+-------+-------+-------+-------+-------+-------+-------+-------+-------+-------+-------+--------+-------+-------+-------+-------+-------+-------+-------+-------+-------+-------+-------+-------+---------+-----------|
| brown       | 0.036 | 0.0   | 0.0   | 0.034 | 0.0   | 0.035 | 0.0   | 0.0   | 0.036 | 0.036 | 0.0   | 0.036 | 0.0   | 0.0   | 0.0   | 0.0   | 0.0   | 0.016 | 0.0   | 0.0   | 0.0   | 0.0   | 0.02  | 0.014 | 0.0   | 0.0   | 0.033 | 0.0   | 0.0   | 0.0   | 0.0   | 0.034 | 0.0   | 0.0   | 0.016 | 0.0   | 0.0   | 0.02  | 0.034 | 0.036 | 0.0   | 0.0   | 0.0   | 0.0   | 0.0   | 0.021 | 0.036 | 0.0   | 0.0   | 0.035 | 0.033 | 0.0   | 0.0   | 0.0   | 0.0   | 0.015 | 0.0   | 0.0   | 0.0   | 0.0   | 0.0   | 0.0   | 0.0   | 0.033 | 0.0   | 0.0   | 0.0   | 0.0   | 0.0   | 0.0   | 0.034 | 0.035 | 0.0   | 0.0   | 0.0   | 0.036 | 0.0   | 0.034 | 0.0   | 0.0   | 0.036 | 0.022 | 0.036 | 0.034 | 0.036 | 0.0   | 0.0   | 0.034  | 0.0   | 0.0   | 0.0   | 0.021 | 0.0   | 0.0   | 0.0   | 0.033 | 0.0   | 0.0   | 0.0   | 0.0   | 0.0     | 4.993     |
| convex      | 0.017 | 0.0   | 0.016 | 0.016 | 0.016 | 0.016 | 0.016 | 0.016 | 0.017 | 0.017 | 0.0   | 0.017 | 0.0   | 0.0   | 0.016 | 0.015 | 0.014 | 0.007 | 0.0   | 0.0   | 0.0   | 0.017 | 0.0   | 0.006 | 0.017 | 0.016 | 0.015 | 0.0   | 0.0   | 0.014 | 0.016 | 0.016 | 0.016 | 0.016 | 0.007 | 0.0   | 0.0   | 0.0   | 0.016 | 0.017 | 0.003 | 0.013 | 0.0   | 0.003 | 0.016 | 0.0   | 0.017 | 0.0   | 0.016 | 0.016 | 0.015 | 0.017 | 0.017 | 0.016 | 0.0   | 0.0   | 0.0   | 0.016 | 0.017 | 0.016 | 0.017 | 0.007 | 0.007 | 0.015 | 0.0   | 0.005 | 0.0   | 0.015 | 0.016 | 0.0   | 0.016 | 0.016 | 0.0   | 0.016 | 0.014 | 0.017 | 0.017 | 0.016 | 0.017 | 0.015 | 0.017 | 0.01  | 0.017 | 0.016 | 0.017 | 0.014 | 0.004 | 0.016  | 0.0   | 0.0   | 0.017 | 0.0   | 0.0   | 0.0   | 0.0   | 0.015 | 0.016 | 0.0   | 0.014 | 0.0   | 0.0     | 6.05      |
| scaly       | 0.022 | 0.016 | 0.0   | 0.0   | 0.022 | 0.021 | 0.02  | 0.0   | 0.022 | 0.022 | 0.015 | 0.022 | 0.0   | 0.0   | 0.02  | 0.0   | 0.019 | 0.009 | 0.015 | 0.0   | 0.0   | 0.022 | 0.0   | 0.0   | 0.022 | 0.0   | 0.0   | 0.016 | 0.0   | 0.0   | 0.0   | 0.0   | 0.022 | 0.022 | 0.009 | 0.0   | 0.015 | 0.0   | 0.0   | 0.022 | 0.0   | 0.0   | 0.015 | 0.0   | 0.0   | 0.013 | 0.022 | 0.0   | 0.022 | 0.021 | 0.0   | 0.022 | 0.022 | 0.022 | 0.0   | 0.0   | 0.015 | 0.022 | 0.022 | 0.022 | 0.022 | 0.009 | 0.009 | 0.0   | 0.007 | 0.0   | 0.0   | 0.02  | 0.0   | 0.016 | 0.0   | 0.021 | 0.0   | 0.022 | 0.019 | 0.022 | 0.022 | 0.0   | 0.022 | 0.0   | 0.022 | 0.0   | 0.022 | 0.0   | 0.022 | 0.019 | 0.0   | 0.0    | 0.0   | 0.0   | 0.022 | 0.012 | 0.0   | 0.0   | 0.0   | 0.0   | 0.022 | 0.0   | 0.019 | 0.0   | 0.0     | 5.686     |
| poisonous   | 0.021 | 0.0   | 0.02  | 0.02  | 0.021 | 0.021 | 0.0   | 0.02  | 0.021 | 0.021 | 0.0   | 0.021 | 0.0   | 0.0   | 0.0   | 0.0   | 0.0   | 0.0   | 0.0   | 0.0   | 0.0   | 0.022 | 0.012 | 0.0   | 0.022 | 0.02  | 0.02  | 0.0   | 0.0   | 0.0   | 0.0   | 0.02  | 0.021 | 0.021 | 0.0   | 0.0   | 0.0   | 0.012 | 0.02  | 0.021 | 0.0   | 0.0   | 0.0   | 0.0   | 0.02  | 0.012 | 0.021 | 0.012 | 0.021 | 0.0   | 0.02  | 0.022 | 0.022 | 0.0   | 0.0   | 0.0   | 0.0   | 0.021 | 0.022 | 0.021 | 0.022 | 0.0   | 0.0   | 0.02  | 0.0   | 0.0   | 0.0   | 0.0   | 0.02  | 0.0   | 0.02  | 0.021 | 0.0   | 0.021 | 0.0   | 0.021 | 0.022 | 0.02  | 0.022 | 0.0   | 0.021 | 0.0   | 0.021 | 0.02  | 0.021 | 0.0   | 0.0   | 0.02   | 0.0   | 0.0   | 0.022 | 0.012 | 0.0   | 0.0   | 0.0   | 0.02  | 0.021 | 0.0   | 0.0   | 0.0   | 0.0     | 5.628     |
| free        | 0.013 | 0.009 | 0.012 | 0.012 | 0.013 | 0.013 | 0.012 | 0.012 | 0.013 | 0.013 | 0.009 | 0.013 | 0.009 | 0.009 | 0.012 | 0.011 | 0.011 | 0.006 | 0.009 | 0.008 | 0.004 | 0.013 | 0.007 | 0.005 | 0.013 | 0.012 | 0.012 | 0.009 | 0.002 | 0.011 | 0.012 | 0.012 | 0.013 | 0.013 | 0.006 | 0.002 | 0.009 | 0.007 | 0.012 | 0.013 | 0.003 | 0.01  | 0.009 | 0.003 | 0.012 | 0.007 | 0.013 | 0.007 | 0.013 | 0.013 | 0.012 | 0.013 | 0.013 | 0.013 | 0.008 | 0.005 | 0.009 | 0.013 | 0.013 | 0.013 | 0.013 | 0.005 | 0.005 | 0.012 | 0.004 | 0.004 | 0.009 | 0.012 | 0.012 | 0.009 | 0.012 | 0.013 | 0.009 | 0.013 | 0.011 | 0.013 | 0.013 | 0.012 | 0.013 | 0.011 | 0.013 | 0.008 | 0.013 | 0.012 | 0.013 | 0.011 | 0.003 | 0.012  | 0.009 | 0.003 | 0.013 | 0.007 | 0.008 | 0.009 | 0.008 | 0.012 | 0.013 | 0.002 | 0.011 | 0.008 | 0.0     | 6.555     |
| closed      | 0.013 | 0.01  | 0.013 | 0.012 | 0.013 | 0.013 | 0.012 | 0.012 | 0.013 | 0.013 | 0.009 | 0.013 | 0.009 | 0.009 | 0.012 | 0.012 | 0.011 | 0.006 | 0.009 | 0.009 | 0.0   | 0.013 | 0.007 | 0.0   | 0.013 | 0.012 | 0.012 | 0.009 | 0.002 | 0.011 | 0.012 | 0.012 | 0.013 | 0.013 | 0.006 | 0.002 | 0.009 | 0.007 | 0.012 | 0.013 | 0.0   | 0.011 | 0.009 | 0.0   | 0.013 | 0.008 | 0.013 | 0.007 | 0.013 | 0.013 | 0.012 | 0.013 | 0.013 | 0.013 | 0.009 | 0.006 | 0.009 | 0.013 | 0.013 | 0.013 | 0.013 | 0.006 | 0.006 | 0.012 | 0.004 | 0.0   | 0.009 | 0.012 | 0.013 | 0.009 | 0.012 | 0.013 | 0.009 | 0.013 | 0.011 | 0.013 | 0.013 | 0.012 | 0.013 | 0.012 | 0.013 | 0.008 | 0.013 | 0.012 | 0.013 | 0.011 | 0.0   | 0.012  | 0.01  | 0.0   | 0.013 | 0.008 | 0.009 | 0.009 | 0.009 | 0.012 | 0.013 | 0.002 | 0.011 | 0.009 | 0.0     | 6.482     |
| urban       | 0.032 | 0.0   | 0.03  | 0.03  | 0.0   | 0.0   | 0.0   | 0.0   | 0.032 | 0.032 | 0.0   | 0.032 | 0.0   | 0.0   | 0.0   | 0.0   | 0.0   | 0.0   | 0.0   | 0.0   | 0.0   | 0.032 | 0.0   | 0.0   | 0.032 | 0.0   | 0.0   | 0.0   | 0.006 | 0.0   | 0.0   | 0.03  | 0.0   | 0.0   | 0.0   | 0.006 | 0.0   | 0.018 | 0.03  | 0.032 | 0.0   | 0.0   | 0.0   | 0.0   | 0.03  | 0.018 | 0.032 | 0.0   | 0.0   | 0.0   | 0.0   | 0.032 | 0.032 | 0.0   | 0.0   | 0.014 | 0.0   | 0.0   | 0.032 | 0.0   | 0.032 | 0.0   | 0.0   | 0.0   | 0.0   | 0.0   | 0.0   | 0.0   | 0.03  | 0.0   | 0.03  | 0.0   | 0.0   | 0.0   | 0.0   | 0.032 | 0.032 | 0.03  | 0.032 | 0.0   | 0.032 | 0.02  | 0.032 | 0.03  | 0.032 | 0.0   | 0.0   | 0.03   | 0.0   | 0.0   | 0.032 | 0.0   | 0.0   | 0.0   | 0.0   | 0.0   | 0.0   | 0.006 | 0.0   | 0.0   | 0.0     | 5.091     |
| yellow      | 0.000 | 0.041 | 0.0   | 0.0   | 0.0   | 0.0   | 0.052 | 0.0   | 0.0   | 0.0   | 0.038 | 0.0   | 0.0   | 0.039 | 0.052 | 0.05  | 0.048 | 0.0   | 0.038 | 0.037 | 0.0   | 0.0   | 0.0   | 0.0   | 0.0   | 0.0   | 0.0   | 0.0   | 0.0   | 0.0   | 0.0   | 0.0   | 0.0   | 0.0   | 0.0   | 0.0   | 0.038 | 0.0   | 0.0   | 0.0   | 0.011 | 0.046 | 0.038 | 0.011 | 0.0   | 0.0   | 0.0   | 0.0   | 0.0   | 0.0   | 0.0   | 0.0   | 0.0   | 0.0   | 0.037 | 0.0   | 0.038 | 0.0   | 0.0   | 0.0   | 0.0   | 0.024 | 0.024 | 0.0   | 0.018 | 0.0   | 0.0   | 0.0   | 0.0   | 0.0   | 0.0   | 0.0   | 0.0   | 0.0   | 0.048 | 0.0   | 0.0   | 0.0   | 0.0   | 0.05  | 0.0   | 0.0   | 0.0   | 0.0   | 0.0   | 0.048 | 0.013 | 0.0    | 0.0   | 0.0   | 0.0   | 0.0   | 0.037 | 0.0   | 0.037 | 0.0   | 0.0   | 0.0   | 0.048 | 0.037 | 0.0     | 4.663     |
| bell        | 0.000 | 0.056 | 0.0   | 0.0   | 0.0   | 0.0   | 0.0   | 0.0   | 0.0   | 0.0   | 0.052 | 0.0   | 0.053 | 0.054 | 0.0   | 0.0   | 0.0   | 0.0   | 0.052 | 0.05  | 0.0   | 0.0   | 0.0   | 0.0   | 0.0   | 0.0   | 0.0   | 0.055 | 0.0   | 0.0   | 0.0   | 0.0   | 0.0   | 0.0   | 0.0   | 0.0   | 0.052 | 0.0   | 0.0   | 0.0   | 0.0   | 0.0   | 0.052 | 0.0   | 0.0   | 0.0   | 0.0   | 0.0   | 0.0   | 0.0   | 0.0   | 0.0   | 0.0   | 0.0   | 0.05  | 0.0   | 0.052 | 0.0   | 0.0   | 0.0   | 0.0   | 0.0   | 0.0   | 0.0   | 0.0   | 0.0   | 0.053 | 0.0   | 0.0   | 0.055 | 0.0   | 0.0   | 0.053 | 0.0   | 0.0   | 0.0   | 0.0   | 0.0   | 0.0   | 0.0   | 0.0   | 0.0   | 0.0   | 0.0   | 0.0   | 0.0   | 0.0   | 0.0    | 0.056 | 0.0   | 0.0   | 0.0   | 0.05  | 0.053 | 0.05  | 0.0   | 0.0   | 0.0   | 0.0   | 0.05  | 0.0     | 4.247     |
| edible      | 0.000 | 0.024 | 0.0   | 0.0   | 0.0   | 0.0   | 0.03  | 0.0   | 0.0   | 0.0   | 0.022 | 0.0   | 0.022 | 0.023 | 0.03  | 0.028 | 0.027 | 0.014 | 0.022 | 0.021 | 0.01  | 0.0   | 0.0   | 0.012 | 0.0   | 0.0   | 0.0   | 0.023 | 0.006 | 0.028 | 0.03  | 0.0   | 0.0   | 0.0   | 0.014 | 0.006 | 0.022 | 0.0   | 0.0   | 0.0   | 0.006 | 0.026 | 0.022 | 0.006 | 0.0   | 0.0   | 0.0   | 0.0   | 0.0   | 0.032 | 0.0   | 0.0   | 0.0   | 0.032 | 0.021 | 0.014 | 0.022 | 0.0   | 0.0   | 0.0   | 0.0   | 0.014 | 0.014 | 0.0   | 0.01  | 0.01  | 0.022 | 0.029 | 0.0   | 0.023 | 0.0   | 0.0   | 0.022 | 0.0   | 0.027 | 0.0   | 0.0   | 0.0   | 0.0   | 0.028 | 0.0   | 0.02  | 0.0   | 0.0   | 0.0   | 0.027 | 0.007 | 0.0    | 0.024 | 0.007 | 0.0   | 0.0   | 0.021 | 0.022 | 0.021 | 0.0   | 0.0   | 0.006 | 0.027 | 0.021 | 0.0     | 5.518     |
| grasses     | 0.000 | 0.027 | 0.0   | 0.0   | 0.037 | 0.036 | 0.035 | 0.035 | 0.0   | 0.0   | 0.0   | 0.0   | 0.0   | 0.026 | 0.035 | 0.033 | 0.0   | 0.0   | 0.0   | 0.0   | 0.011 | 0.0   | 0.02  | 0.014 | 0.0   | 0.035 | 0.034 | 0.0   | 0.0   | 0.0   | 0.035 | 0.0   | 0.037 | 0.037 | 0.0   | 0.0   | 0.0   | 0.0   | 0.0   | 0.0   | 0.0   | 0.0   | 0.0   | 0.0   | 0.0   | 0.0   | 0.0   | 0.021 | 0.037 | 0.036 | 0.034 | 0.0   | 0.0   | 0.037 | 0.0   | 0.0   | 0.0   | 0.037 | 0.0   | 0.037 | 0.0   | 0.0   | 0.0   | 0.034 | 0.0   | 0.011 | 0.0   | 0.0   | 0.0   | 0.0   | 0.0   | 0.036 | 0.0   | 0.037 | 0.0   | 0.0   | 0.0   | 0.0   | 0.0   | 0.033 | 0.0   | 0.0   | 0.0   | 0.0   | 0.0   | 0.0   | 0.0   | 0.0    | 0.027 | 0.008 | 0.0   | 0.021 | 0.0   | 0.0   | 0.0   | 0.034 | 0.037 | 0.0   | 0.0   | 0.0   | 0.0     | 4.973     |
| white       | 0.000 | 0.0   | 0.03  | 0.0   | 0.032 | 0.0   | 0.0   | 0.03  | 0.0   | 0.0   | 0.0   | 0.0   | 0.022 | 0.0   | 0.0   | 0.0   | 0.0   | 0.0   | 0.0   | 0.0   | 0.01  | 0.032 | 0.0   | 0.0   | 0.032 | 0.03  | 0.0   | 0.023 | 0.0   | 0.027 | 0.03  | 0.0   | 0.032 | 0.032 | 0.0   | 0.0   | 0.0   | 0.0   | 0.0   | 0.0   | 0.0   | 0.0   | 0.0   | 0.0   | 0.03  | 0.0   | 0.0   | 0.018 | 0.032 | 0.0   | 0.0   | 0.032 | 0.032 | 0.032 | 0.0   | 0.0   | 0.0   | 0.032 | 0.032 | 0.032 | 0.032 | 0.0   | 0.0   | 0.0   | 0.0   | 0.0   | 0.022 | 0.029 | 0.03  | 0.023 | 0.0   | 0.0   | 0.022 | 0.032 | 0.0   | 0.0   | 0.032 | 0.0   | 0.032 | 0.0   | 0.0   | 0.0   | 0.0   | 0.0   | 0.0   | 0.0   | 0.0   | 0.0    | 0.024 | 0.0   | 0.032 | 0.0   | 0.0   | 0.022 | 0.0   | 0.0   | 0.032 | 0.0   | 0.0   | 0.0   | 0.0     | 5.1       |
| smooth      | 0.000 | 0.0   | 0.033 | 0.032 | 0.0   | 0.0   | 0.0   | 0.032 | 0.0   | 0.0   | 0.0   | 0.0   | 0.024 | 0.024 | 0.0   | 0.03  | 0.0   | 0.0   | 0.0   | 0.023 | 0.0   | 0.0   | 0.019 | 0.0   | 0.0   | 0.032 | 0.032 | 0.0   | 0.0   | 0.029 | 0.032 | 0.032 | 0.0   | 0.0   | 0.0   | 0.0   | 0.0   | 0.019 | 0.032 | 0.0   | 0.0   | 0.028 | 0.0   | 0.0   | 0.033 | 0.0   | 0.0   | 0.019 | 0.0   | 0.0   | 0.032 | 0.0   | 0.0   | 0.0   | 0.023 | 0.0   | 0.0   | 0.0   | 0.0   | 0.0   | 0.0   | 0.0   | 0.0   | 0.032 | 0.0   | 0.01  | 0.024 | 0.0   | 0.033 | 0.0   | 0.032 | 0.0   | 0.024 | 0.0   | 0.0   | 0.0   | 0.0   | 0.032 | 0.0   | 0.03  | 0.0   | 0.0   | 0.0   | 0.032 | 0.0   | 0.0   | 0.008 | 0.032  | 0.025 | 0.0   | 0.0   | 0.0   | 0.023 | 0.024 | 0.023 | 0.032 | 0.0   | 0.0   | 0.0   | 0.023 | 0.0     | 5.163     |
| meadows     | 0.000 | 0.0   | 0.0   | 0.0   | 0.0   | 0.0   | 0.0   | 0.0   | 0.0   | 0.0   | 0.041 | 0.0   | 0.041 | 0.0   | 0.0   | 0.0   | 0.051 | 0.0   | 0.041 | 0.039 | 0.0   | 0.0   | 0.0   | 0.0   | 0.0   | 0.0   | 0.0   | 0.042 | 0.0   | 0.051 | 0.0   | 0.0   | 0.0   | 0.0   | 0.0   | 0.0   | 0.041 | 0.0   | 0.0   | 0.0   | 0.0   | 0.048 | 0.041 | 0.0   | 0.0   | 0.0   | 0.0   | 0.0   | 0.0   | 0.0   | 0.0   | 0.0   | 0.0   | 0.0   | 0.039 | 0.0   | 0.041 | 0.0   | 0.0   | 0.0   | 0.0   | 0.0   | 0.0   | 0.0   | 0.0   | 0.0   | 0.041 | 0.054 | 0.0   | 0.042 | 0.0   | 0.0   | 0.041 | 0.0   | 0.051 | 0.0   | 0.0   | 0.0   | 0.0   | 0.0   | 0.0   | 0.0   | 0.0   | 0.0   | 0.0   | 0.051 | 0.0   | 0.0    | 0.0   | 0.0   | 0.0   | 0.0   | 0.039 | 0.041 | 0.039 | 0.0   | 0.0   | 0.0   | 0.051 | 0.039 | 0.0     | 4.515     |
| paths       | 0.000 | 0.0   | 0.0   | 0.0   | 0.0   | 0.0   | 0.0   | 0.0   | 0.0   | 0.0   | 0.0   | 0.0   | 0.0   | 0.0   | 0.0   | 0.0   | 0.0   | 0.213 | 0.0   | 0.0   | 0.0   | 0.0   | 0.0   | 0.0   | 0.0   | 0.0   | 0.0   | 0.0   | 0.0   | 0.0   | 0.0   | 0.0   | 0.0   | 0.0   | 0.213 | 0.0   | 0.0   | 0.0   | 0.0   | 0.0   | 0.0   | 0.0   | 0.0   | 0.0   | 0.0   | 0.0   | 0.0   | 0.0   | 0.0   | 0.0   | 0.0   | 0.0   | 0.0   | 0.0   | 0.0   | 0.0   | 0.0   | 0.0   | 0.0   | 0.0   | 0.0   | 0.208 | 0.208 | 0.0   | 0.159 | 0.0   | 0.0   | 0.0   | 0.0   | 0.0   | 0.0   | 0.0   | 0.0   | 0.0   | 0.0   | 0.0   | 0.0   | 0.0   | 0.0   | 0.0   | 0.0   | 0.0   | 0.0   | 0.0   | 0.0   | 0.0   | 0.0   | 0.0    | 0.0   | 0.0   | 0.0   | 0.0   | 0.0   | 0.0   | 0.0   | 0.0   | 0.0   | 0.0   | 0.0   | 0.0   | 0.0     | 2.314     |
| flat        | 0.000 | 0.0   | 0.0   | 0.0   | 0.0   | 0.0   | 0.0   | 0.0   | 0.0   | 0.0   | 0.0   | 0.0   | 0.0   | 0.0   | 0.0   | 0.0   | 0.0   | 0.0   | 0.0   | 0.0   | 0.073 | 0.0   | 0.135 | 0.0   | 0.0   | 0.0   | 0.0   | 0.0   | 0.0   | 0.0   | 0.0   | 0.0   | 0.0   | 0.0   | 0.0   | 0.0   | 0.0   | 0.137 | 0.0   | 0.0   | 0.0   | 0.0   | 0.0   | 0.0   | 0.0   | 0.142 | 0.0   | 0.136 | 0.0   | 0.0   | 0.0   | 0.0   | 0.0   | 0.0   | 0.0   | 0.105 | 0.0   | 0.0   | 0.0   | 0.0   | 0.0   | 0.0   | 0.0   | 0.0   | 0.079 | 0.0   | 0.0   | 0.0   | 0.0   | 0.0   | 0.0   | 0.0   | 0.0   | 0.0   | 0.0   | 0.0   | 0.0   | 0.0   | 0.0   | 0.0   | 0.0   | 0.0   | 0.0   | 0.0   | 0.0   | 0.0   | 0.0   | 0.0    | 0.0   | 0.053 | 0.0   | 0.14  | 0.0   | 0.0   | 0.0   | 0.0   | 0.0   | 0.0   | 0.0   | 0.0   | 0.0     | 3.102     |
| fibrous     | 0.000 | 0.0   | 0.0   | 0.0   | 0.0   | 0.0   | 0.0   | 0.0   | 0.0   | 0.0   | 0.0   | 0.0   | 0.0   | 0.0   | 0.0   | 0.0   | 0.0   | 0.0   | 0.0   | 0.0   | 0.103 | 0.0   | 0.0   | 0.131 | 0.0   | 0.0   | 0.0   | 0.0   | 0.065 | 0.0   | 0.0   | 0.0   | 0.0   | 0.0   | 0.0   | 0.065 | 0.0   | 0.0   | 0.0   | 0.0   | 0.069 | 0.0   | 0.0   | 0.069 | 0.0   | 0.0   | 0.0   | 0.0   | 0.0   | 0.0   | 0.0   | 0.0   | 0.0   | 0.0   | 0.0   | 0.147 | 0.0   | 0.0   | 0.0   | 0.0   | 0.0   | 0.0   | 0.0   | 0.0   | 0.0   | 0.0   | 0.0   | 0.0   | 0.0   | 0.0   | 0.0   | 0.0   | 0.0   | 0.0   | 0.0   | 0.0   | 0.0   | 0.0   | 0.0   | 0.0   | 0.0   | 0.213 | 0.0   | 0.0   | 0.0   | 0.0   | 0.0   | 0.0    | 0.0   | 0.074 | 0.0   | 0.0   | 0.0   | 0.0   | 0.0   | 0.0   | 0.0   | 0.065 | 0.0   | 0.0   | 0.0     | 3.181     |
| crowded     | 0.000 | 0.0   | 0.0   | 0.0   | 0.0   | 0.0   | 0.0   | 0.0   | 0.0   | 0.0   | 0.0   | 0.0   | 0.0   | 0.0   | 0.0   | 0.0   | 0.0   | 0.0   | 0.0   | 0.0   | 0.164 | 0.0   | 0.0   | 0.209 | 0.0   | 0.0   | 0.0   | 0.0   | 0.0   | 0.0   | 0.0   | 0.0   | 0.0   | 0.0   | 0.0   | 0.0   | 0.0   | 0.0   | 0.0   | 0.0   | 0.11  | 0.0   | 0.0   | 0.11  | 0.0   | 0.0   | 0.0   | 0.0   | 0.0   | 0.0   | 0.0   | 0.0   | 0.0   | 0.0   | 0.0   | 0.0   | 0.0   | 0.0   | 0.0   | 0.0   | 0.0   | 0.0   | 0.0   | 0.0   | 0.0   | 0.163 | 0.0   | 0.0   | 0.0   | 0.0   | 0.0   | 0.0   | 0.0   | 0.0   | 0.0   | 0.0   | 0.0   | 0.0   | 0.0   | 0.0   | 0.0   | 0.0   | 0.0   | 0.0   | 0.0   | 0.0   | 0.124 | 0.0    | 0.0   | 0.118 | 0.0   | 0.0   | 0.0   | 0.0   | 0.0   | 0.0   | 0.0   | 0.0   | 0.0   | 0.0   | 0.0     | 2.767     |
| gray        | 0.000 | 0.0   | 0.0   | 0.0   | 0.0   | 0.0   | 0.0   | 0.0   | 0.0   | 0.0   | 0.0   | 0.0   | 0.0   | 0.0   | 0.0   | 0.0   | 0.0   | 0.0   | 0.0   | 0.0   | 0.0   | 0.0   | 0.0   | 0.0   | 0.0   | 0.0   | 0.0   | 0.0   | 0.175 | 0.0   | 0.0   | 0.0   | 0.0   | 0.0   | 0.0   | 0.175 | 0.0   | 0.0   | 0.0   | 0.0   | 0.0   | 0.0   | 0.0   | 0.0   | 0.0   | 0.0   | 0.0   | 0.0   | 0.0   | 0.0   | 0.0   | 0.0   | 0.0   | 0.0   | 0.0   | 0.0   | 0.0   | 0.0   | 0.0   | 0.0   | 0.0   | 0.0   | 0.0   | 0.0   | 0.0   | 0.276 | 0.0   | 0.0   | 0.0   | 0.0   | 0.0   | 0.0   | 0.0   | 0.0   | 0.0   | 0.0   | 0.0   | 0.0   | 0.0   | 0.0   | 0.0   | 0.0   | 0.0   | 0.0   | 0.0   | 0.0   | 0.0   | 0.0    | 0.0   | 0.2   | 0.0   | 0.0   | 0.0   | 0.0   | 0.0   | 0.0   | 0.0   | 0.175 | 0.0   | 0.0   | 0.0     | 2.296     |
| sunken      | 0.000 | 0.0   | 0.0   | 0.0   | 0.0   | 0.0   | 0.0   | 0.0   | 0.0   | 0.0   | 0.0   | 0.0   | 0.0   | 0.0   | 0.0   | 0.0   | 0.0   | 0.0   | 0.0   | 0.0   | 0.0   | 0.0   | 0.0   | 0.0   | 0.0   | 0.0   | 0.0   | 0.0   | 0.333 | 0.0   | 0.0   | 0.0   | 0.0   | 0.0   | 0.0   | 0.333 | 0.0   | 0.0   | 0.0   | 0.0   | 0.0   | 0.0   | 0.0   | 0.0   | 0.0   | 0.0   | 0.0   | 0.0   | 0.0   | 0.0   | 0.0   | 0.0   | 0.0   | 0.0   | 0.0   | 0.0   | 0.0   | 0.0   | 0.0   | 0.0   | 0.0   | 0.0   | 0.0   | 0.0   | 0.0   | 0.0   | 0.0   | 0.0   | 0.0   | 0.0   | 0.0   | 0.0   | 0.0   | 0.0   | 0.0   | 0.0   | 0.0   | 0.0   | 0.0   | 0.0   | 0.0   | 0.0   | 0.0   | 0.0   | 0.0   | 0.0   | 0.0   | 0.0    | 0.0   | 0.0   | 0.0   | 0.0   | 0.0   | 0.0   | 0.0   | 0.0   | 0.0   | 0.333 | 0.0   | 0.0   | 0.0     | 1.585     |
| woods       | 0.000 | 0.0   | 0.0   | 0.0   | 0.0   | 0.0   | 0.0   | 0.0   | 0.0   | 0.0   | 0.0   | 0.0   | 0.0   | 0.0   | 0.0   | 0.0   | 0.0   | 0.0   | 0.0   | 0.0   | 0.0   | 0.0   | 0.0   | 0.0   | 0.0   | 0.0   | 0.0   | 0.0   | 0.0   | 0.0   | 0.0   | 0.0   | 0.0   | 0.0   | 0.0   | 0.0   | 0.0   | 0.0   | 0.0   | 0.0   | 0.32  | 0.0   | 0.0   | 0.32  | 0.0   | 0.0   | 0.0   | 0.0   | 0.0   | 0.0   | 0.0   | 0.0   | 0.0   | 0.0   | 0.0   | 0.0   | 0.0   | 0.0   | 0.0   | 0.0   | 0.0   | 0.0   | 0.0   | 0.0   | 0.0   | 0.0   | 0.0   | 0.0   | 0.0   | 0.0   | 0.0   | 0.0   | 0.0   | 0.0   | 0.0   | 0.0   | 0.0   | 0.0   | 0.0   | 0.0   | 0.0   | 0.0   | 0.0   | 0.0   | 0.0   | 0.0   | 0.36  | 0.0    | 0.0   | 0.0   | 0.0   | 0.0   | 0.0   | 0.0   | 0.0   | 0.0   | 0.0   | 0.0   | 0.0   | 0.0   | 0.0     | 1.583     |
| prior       | 0.010 | 0.01  | 0.01  | 0.01  | 0.01  | 0.01  | 0.01  | 0.01  | 0.01  | 0.01  | 0.01  | 0.01  | 0.01  | 0.01  | 0.01  | 0.01  | 0.01  | 0.01  | 0.01  | 0.01  | 0.01  | 0.01  | 0.01  | 0.01  | 0.01  | 0.01  | 0.01  | 0.01  | 0.01  | 0.01  | 0.01  | 0.01  | 0.01  | 0.01  | 0.01  | 0.01  | 0.01  | 0.01  | 0.01  | 0.01  | 0.01  | 0.01  | 0.01  | 0.01  | 0.01  | 0.01  | 0.01  | 0.01  | 0.01  | 0.01  | 0.01  | 0.01  | 0.01  | 0.01  | 0.01  | 0.01  | 0.01  | 0.01  | 0.01  | 0.01  | 0.01  | 0.01  | 0.01  | 0.01  | 0.01  | 0.01  | 0.01  | 0.01  | 0.01  | 0.01  | 0.01  | 0.01  | 0.01  | 0.01  | 0.01  | 0.01  | 0.01  | 0.01  | 0.01  | 0.01  | 0.01  | 0.01  | 0.01  | 0.01  | 0.01  | 0.01  | 0.01  | 0.01   | 0.01  | 0.01  | 0.01  | 0.01  | 0.01  | 0.01  | 0.01  | 0.01  | 0.01  | 0.01  | 0.01  | 0.01  |         |           |
| alpha       | 1.000 |       |       |       |       |       |       |       |       |       |       |       |       |       |       |       |       |       |       |       |       |       |       |       |       |       |       |       |       |       |       |       |       |       |       |       |       |       |       |       |       |       |       |       |       |       |       |       |       |       |       |       |       |       |       |       |       |       |       |       |       |       |       |       |       |       |       |       |       |       |       |       |       |       |       |       |       |       |       |       |       |       |       |       |       |       |       |        |       |       |       |       |       |       |       |       |       |       |       |       |         |           |
| entropy     | 0.008 | 0.009 | 0.008 | 0.008 | 0.008 | 0.008 | 0.009 | 0.008 | 0.008 | 0.008 | 0.009 | 0.008 | 0.009 | 0.009 | 0.009 | 0.009 | 0.009 | 0.009 | 0.009 | 0.009 | 0.013 | 0.008 | 0.009 | 0.012 | 0.008 | 0.008 | 0.008 | 0.009 | 0.014 | 0.009 | 0.009 | 0.008 | 0.008 | 0.008 | 0.009 | 0.014 | 0.009 | 0.009 | 0.008 | 0.008 | 0.013 | 0.009 | 0.009 | 0.013 | 0.008 | 0.009 | 0.008 | 0.009 | 0.008 | 0.009 | 0.008 | 0.008 | 0.008 | 0.009 | 0.009 | 0.011 | 0.009 | 0.008 | 0.008 | 0.008 | 0.008 | 0.009 | 0.009 | 0.008 | 0.01  | 0.012 | 0.009 | 0.009 | 0.008 | 0.009 | 0.008 | 0.008 | 0.009 | 0.008 | 0.009 | 0.008 | 0.008 | 0.008 | 0.008 | 0.009 | 0.008 | 0.01  | 0.008 | 0.008 | 0.008 | 0.009 | 0.011 | 0.008  | 0.009 | 0.015 | 0.008 | 0.009 | 0.009 | 0.009 | 0.009 | 0.008 | 0.008 | 0.014 | 0.009 | 0.009 |         |           |
| entropy_sum | 0.915 |       |       |       |       |       |       |       |       |       |       |       |       |       |       |       |       |       |       |       |       |       |       |       |       |       |       |       |       |       |       |       |       |       |       |       |       |       |       |       |       |       |       |       |       |       |       |       |       |       |       |       |       |       |       |       |       |       |       |       |       |       |       |       |       |       |       |       |       |       |       |       |       |       |       |       |       |       |       |       |       |       |       |       |       |       |       |        |       |       |       |       |       |       |       |       |       |       |       |       |         |           |
+-------------+-------+-------+-------+-------+-------+-------+-------+-------+-------+-------+-------+-------+-------+-------+-------+-------+-------+-------+-------+-------+-------+-------+-------+-------+-------+-------+-------+-------+-------+-------+-------+-------+-------+-------+-------+-------+-------+-------+-------+-------+-------+-------+-------+-------+-------+-------+-------+-------+-------+-------+-------+-------+-------+-------+-------+-------+-------+-------+-------+-------+-------+-------+-------+-------+-------+-------+-------+-------+-------+-------+-------+-------+-------+-------+-------+-------+-------+-------+-------+-------+-------+-------+-------+-------+-------+-------+-------+--------+-------+-------+-------+-------+-------+-------+-------+-------+-------+-------+-------+-------+---------+-----------+